##BLOCKS= 2          
Plate:	Plate#1	1.3	PlateFormat	Spectrum	Absorbance	Raw	FALSE	41			350	750	10			1	12	96	1	8	None	
Wavelength(nm)	Temperature(¡C)	1	2	3	4	5	6	7	8	9	10	11	12		
350	21.30	0.892	0.787	0.845	0.873	0.688	0.841	0.677	0.677	0.852	0.693	0.373	0.97		
		0.87	0.584	0.66	0.881	0.703	0.811	0.653	0.657	0.774	0.653	0.359	0.757		
		0.736	0.606	0.601	0.683	0.625	0.795	0.669	0.648	0.826	0.63	0.347	0.734		
		0.722	0.587	0.661	0.734	0.649	0.816	0.642	0.626	0.781	0.636	0.319	0.82		
		0.745	0.618	0.679	0.753	0.577	0.738	0.58	0.545	0.7	0.614	0.348	0.766		
		0.652	0.571	0.627	0.69	0.557	0.78	0.886	0.842	1.017	0.861	0.539	0.788		
		0.718	0.554	0.634	0.95	0.788	1.054	0.833	0.717	0.964	0.834	0.423	0.949		
		0.069	0.06	0.061	0.068	0.065	0.062	0.06	0.065	0.07	0.066	0.066	0.077		
		
360	21.20	1.109	0.984	1.058	1.078	0.841	1.04	0.827	0.823	1.05	0.844	0.437	1.209		
		0.793	0.515	0.587	0.777	0.6	0.75	0.641	0.693	0.751	0.643	0.367	0.696		
		0.692	0.555	0.571	0.811	0.582	0.806	0.665	0.672	0.835	0.635	0.365	0.868		
		0.736	0.551	0.638	0.716	0.651	0.855	0.709	0.674	0.866	0.698	0.362	0.86		
		0.808	0.661	0.743	0.851	0.659	0.863	0.69	0.65	0.835	0.728	0.404	0.893		
		0.769	0.663	0.732	0.837	0.671	0.963	1.13	1.062	1.296	1.095	0.663	0.97		
		0.878	0.665	0.768	1.214	1.003	1.349	1.045	0.89	1.209	1.05	0.512	1.207		
		0.057	0.05	0.051	0.058	0.055	0.052	0.05	0.055	0.059	0.055	0.055	0.065		
		
370	21.20	1.319	1.173	1.258	1.279	0.994	1.238	0.979	0.975	1.249	1.001	0.5	1.436		
		0.498	0.444	0.546	0.652	0.385	0.665	0.605	0.625	0.72	0.611	0.352	0.664		
		0.635	0.521	0.52	0.952	0.573	0.842	0.681	0.752	0.918	0.672	0.385	1.017		
		0.761	0.545	0.625	0.73	0.677	0.951	0.8	0.748	0.977	0.778	0.405	0.932		
		0.891	0.727	0.83	0.97	0.758	1.009	0.811	0.763	0.982	0.851	0.462	1.035		
		0.899	0.768	0.852	0.992	0.791	1.15	1.354	1.266	1.558	1.311	0.778	1.152		
		1.045	0.784	0.908	1.462	1.203	1.62	1.245	1.058	1.442	1.248	0.595	1.442		
		0.045	0.042	0.042	0.045	0.044	0.044	0.042	0.043	0.046	0.044	0.044	0.049		
		
380	21.20	1.49	1.31	1.408	1.456	1.132	1.414	1.12	1.111	1.423	1.137	0.565	1.615		
		0.427	0.366	0.524	0.497	0.397	0.628	0.597	0.605	0.722	0.587	0.363	0.669		
		0.641	0.542	0.543	1.109	0.599	0.858	0.701	0.832	1.011	0.691	0.423	1.18		
		0.824	0.568	0.656	0.782	0.729	1.045	0.916	0.852	1.127	0.892	0.458	1.038		
		1.019	0.822	0.95	1.121	0.878	1.168	0.944	0.887	1.146	0.989	0.528	1.201		
		1.047	0.891	0.99	1.153	0.919	1.325	1.515	1.418	1.75	1.467	0.86	1.325		
		1.209	0.912	1.054	1.644	1.344	1.816	1.398	1.19	1.624	1.396	0.656	1.615		
		0.033	0.031	0.031	0.031	0.032	0.034	0.031	0.03	0.031	0.031	0.032	0.032		
		
390	21.20	1.541	1.316	1.41	1.544	1.195	1.514	1.213	1.203	1.526	1.22	0.61	1.657		
		0.431	0.356	0.433	0.503	0.402	0.679	0.636	0.685	0.758	0.636	0.393	0.721		
		0.707	0.588	0.588	1.273	0.655	0.916	0.786	0.947	1.121	0.725	0.484	1.358		
		0.93	0.615	0.725	0.871	0.813	1.199	1.067	0.986	1.319	1.04	0.521	1.188		
		1.197	0.955	1.11	1.308	1.017	1.348	1.079	1.012	1.317	1.131	0.595	1.388		
		1.205	1.024	1.138	1.3	1.03	1.442	1.504	1.427	1.752	1.475	0.86	1.446		
		1.352	1.027	1.188	1.659	1.338	1.805	1.416	1.231	1.653	1.408	0.671	1.618		
		0.03	0.029	0.029	0.028	0.029	0.031	0.029	0.027	0.028	0.028	0.029	0.029		
		
400	21.20	1.486	1.228	1.312	1.526	1.181	1.508	1.227	1.211	1.519	1.22	0.617	1.588		
		0.427	0.352	0.445	0.538	0.426	0.619	0.653	0.726	0.806	0.703	0.405	0.799		
		0.789	0.621	0.628	1.366	0.722	0.997	0.897	1.067	1.218	0.757	0.537	1.459		
		1.027	0.667	0.786	0.949	0.894	1.329	1.188	1.099	1.468	1.161	0.563	1.321		
		1.321	1.064	1.239	1.442	1.113	1.462	1.153	1.076	1.409	1.212	0.629	1.508		
		1.295	1.107	1.231	1.366	1.081	1.463	1.383	1.334	1.63	1.375	0.802	1.474		
		1.406	1.081	1.247	1.551	1.232	1.662	1.33	1.186	1.562	1.315	0.637	1.505		
		0.029	0.028	0.028	0.027	0.028	0.03	0.028	0.027	0.027	0.027	0.028	0.028		
		
410	21.20	1.39	1.125	1.202	1.454	1.131	1.444	1.186	1.169	1.45	1.175	0.6	1.477		
		0.505	0.396	0.445	0.563	0.388	0.649	0.661	0.659	0.893	0.769	0.442	0.862		
		0.849	0.702	0.677	1.405	0.802	1.092	0.981	1.162	1.359	0.844	0.592	1.507		
		1.128	0.735	0.861	1.034	0.984	1.455	1.296	1.206	1.606	1.273	0.587	1.456		
		1.446	1.172	1.361	1.554	1.18	1.529	1.179	1.094	1.444	1.241	0.636	1.585		
		1.338	1.155	1.282	1.369	1.082	1.425	1.253	1.224	1.491	1.26	0.737	1.44		
		1.395	1.085	1.25	1.425	1.122	1.508	1.226	1.111	1.447	1.208	0.591	1.372		
		0.028	0.027	0.027	0.027	0.027	0.029	0.028	0.026	0.027	0.027	0.028	0.028		
		
420	21.20	1.286	1.038	1.107	1.348	1.045	1.341	1.105	1.087	1.348	1.092	0.559	1.366		
		0.512	0.437	0.504	0.593	0.407	0.686	0.708	0.723	0.929	0.823	0.471	0.921		
		0.905	0.752	0.737	1.38	0.872	1.207	1.042	1.234	1.459	0.922	0.633	1.484		
		1.203	0.8	0.94	1.109	1.05	1.552	1.373	1.284	1.702	1.351	0.589	1.558		
		1.536	1.254	1.449	1.614	1.208	1.533	1.149	1.06	1.41	1.213	0.614	1.596		
		1.321	1.156	1.28	1.308	1.038	1.345	1.153	1.129	1.374	1.165	0.681	1.362		
		1.327	1.041	1.196	1.319	1.037	1.384	1.132	1.033	1.336	1.115	0.548	1.268		
		0.028	0.027	0.027	0.027	0.027	0.029	0.027	0.026	0.027	0.027	0.027	0.027		
		
430	21.20	1.208	0.978	1.045	1.263	0.984	1.256	1.034	1.016	1.26	1.022	0.525	1.284		
		0.54	0.466	0.526	0.607	0.517	0.686	0.733	0.748	0.927	0.819	0.484	0.942		
		0.932	0.79	0.788	1.332	0.912	1.264	1.061	1.276	1.502	0.969	0.655	1.437		
		1.247	0.839	0.991	1.163	1.077	1.595	1.401	1.321	1.737	1.382	0.579	1.609		
		1.582	1.293	1.488	1.63	1.203	1.506	1.103	1.013	1.357	1.168	0.586	1.573		
		1.282	1.133	1.252	1.24	0.984	1.269	1.089	1.065	1.298	1.101	0.642	1.286		
		1.256	0.991	1.134	1.246	0.982	1.309	1.066	0.971	1.257	1.052	0.517	1.197		
		0.028	0.027	0.027	0.027	0.027	0.029	0.027	0.026	0.027	0.026	0.027	0.027		
		
440	21.20	1.151	0.944	1.006	1.194	0.931	1.185	0.972	0.962	1.194	0.967	0.494	1.225		
		0.513	0.488	0.524	0.619	0.525	0.73	0.805	0.769	0.933	0.824	0.51	0.985		
		0.982	0.833	0.829	1.274	0.924	1.279	1.073	1.286	1.514	1.014	0.665	1.378		
		1.27	0.872	1.02	1.182	1.094	1.621	1.397	1.323	1.734	1.381	0.561	1.624		
		1.594	1.304	1.492	1.609	1.177	1.459	1.051	0.965	1.294	1.115	0.555	1.527		
		1.231	1.096	1.21	1.171	0.93	1.202	1.051	1.022	1.25	1.06	0.618	1.216		
		1.185	0.938	1.072	1.198	0.947	1.262	1.021	0.925	1.203	1.01	0.495	1.154		
		0.028	0.027	0.027	0.027	0.027	0.029	0.027	0.026	0.026	0.026	0.027	0.027		
		
450	21.20	1.126	0.935	0.997	1.158	0.906	1.145	0.939	0.927	1.151	0.932	0.475	1.202		
		0.522	0.475	0.513	0.585	0.488	0.745	0.786	0.735	0.928	0.858	0.533	0.994		
		0.985	0.851	0.85	1.216	0.934	1.286	1.131	1.258	1.513	1.011	0.655	1.316		
		1.256	0.89	1.031	1.18	1.111	1.586	1.348	1.288	1.674	1.336	0.538	1.59		
		1.548	1.276	1.448	1.545	1.13	1.396	1.003	0.92	1.235	1.064	0.531	1.462		
		1.176	1.049	1.158	1.118	0.889	1.159	1.048	1.015	1.242	1.051	0.613	1.17		
		1.135	0.895	1.023	1.186	0.943	1.257	1.012	0.906	1.186	1.002	0.488	1.146		
		0.028	0.027	0.027	0.027	0.026	0.029	0.027	0.026	0.026	0.026	0.027	0.027		
		
460	21.20	1.109	0.933	1	1.125	0.874	1.109	0.9	0.888	1.118	0.899	0.457	1.188		
		0.493	0.455	0.523	0.541	0.51	0.737	0.785	0.744	0.915	0.883	0.529	1.017		
		0.979	0.844	0.847	1.135	0.925	1.265	1.093	1.188	1.465	0.99	0.63	1.229		
		1.211	0.899	1.031	1.154	1.093	1.497	1.253	1.21	1.553	1.246	0.502	1.515		
		1.457	1.205	1.353	1.433	1.049	1.298	0.938	0.86	1.155	0.995	0.499	1.358		
		1.097	0.977	1.078	1.054	0.839	1.111	1.057	1.012	1.246	1.053	0.615	1.119		
		1.075	0.843	0.964	1.186	0.947	1.268	1.005	0.889	1.179	0.999	0.484	1.151		
		0.028	0.027	0.026	0.026	0.027	0.029	0.027	0.026	0.026	0.026	0.027	0.027		
		
470	21.20	1.087	0.933	1.003	1.082	0.839	1.059	0.847	0.841	1.064	0.855	0.427	1.171		
		0.494	0.45	0.486	0.537	0.465	0.701	0.762	0.779	0.928	0.879	0.532	1.019		
		0.973	0.831	0.828	1.02	0.92	1.204	1.029	1.092	1.362	0.941	0.583	1.104		
		1.137	0.893	1.015	1.11	1.044	1.368	1.111	1.088	1.375	1.108	0.449	1.387		
		1.322	1.1	1.211	1.265	0.929	1.156	0.847	0.778	1.042	0.897	0.451	1.212		
		0.983	0.873	0.964	0.962	0.764	1.045	1.072	1.012	1.253	1.055	0.613	1.048		
		0.991	0.767	0.883	1.186	0.955	1.285	1	0.869	1.17	0.998	0.475	1.157		
		0.028	0.027	0.027	0.027	0.027	0.029	0.027	0.026	0.027	0.026	0.027	0.027		
		
480	21.20	1.063	0.945	1.018	1.029	0.798	0.997	0.785	0.781	1.005	0.799	0.397	1.156		
		0.458	0.415	0.493	0.473	0.46	0.673	0.767	0.752	0.877	0.857	0.539	1.005		
		0.94	0.832	0.824	0.869	0.923	1.124	0.952	0.956	1.226	0.962	0.53	0.936		
		1.038	0.886	0.99	1.032	0.981	1.199	0.918	0.927	1.138	0.923	0.38	1.22		
		1.129	0.955	1.018	1.039	0.771	0.966	0.726	0.671	0.888	0.766	0.396	1.011		
		0.835	0.735	0.812	0.846	0.673	0.96	1.099	1.024	1.274	1.069	0.623	0.958		
		0.882	0.672	0.774	1.198	0.98	1.319	1.005	0.851	1.169	1.007	0.476	1.178		
		0.027	0.026	0.026	0.026	0.026	0.028	0.026	0.026	0.026	0.026	0.027	0.026		
		
490	21.20	1.077	0.992	1.07	1.007	0.785	0.964	0.747	0.748	0.973	0.771	0.376	1.18		
		0.444	0.416	0.453	0.511	0.42	0.668	0.753	0.716	0.88	0.808	0.535	0.959		
		0.94	0.863	0.829	0.74	0.897	1.094	0.876	0.822	1.094	0.932	0.48	0.792		
		0.95	0.885	0.968	0.97	0.907	1.037	0.752	0.784	0.927	0.762	0.319	1.069		
		0.956	0.831	0.854	0.844	0.635	0.803	0.624	0.583	0.76	0.657	0.346	0.84		
		0.708	0.617	0.682	0.752	0.601	0.906	1.172	1.072	1.34	1.122	0.658	0.897		
		0.797	0.596	0.688	1.251	1.039	1.402	1.045	0.866	1.206	1.053	0.491	1.24		
		0.027	0.026	0.026	0.026	0.026	0.028	0.026	0.026	0.026	0.026	0.027	0.027		
		
500	21.20	1.155	1.106	1.197	1.041	0.806	0.981	0.737	0.742	0.991	0.774	0.369	1.28		
		0.417	0.409	0.45	0.553	0.476	0.666	0.742	0.746	0.805	0.8	0.534	0.96		
		0.916	0.839	0.878	0.621	0.845	1.037	0.844	0.709	0.997	0.928	0.43	0.663		
		0.856	0.866	0.942	0.901	0.818	0.887	0.585	0.642	0.717	0.601	0.263	0.92		
		0.785	0.706	0.687	0.653	0.502	0.644	0.533	0.504	0.643	0.557	0.306	0.676		
		0.589	0.502	0.559	0.678	0.544	0.885	1.326	1.193	1.505	1.253	0.735	0.868		
		0.734	0.533	0.619	1.393	1.173	1.587	1.154	0.926	1.325	1.172	0.536	1.39		
		0.027	0.026	0.026	0.026	0.026	0.028	0.026	0.026	0.026	0.026	0.026	0.026		
		
510	21.10	1.331	1.315	1.431	1.16	0.898	1.08	0.789	0.8	1.089	0.844	0.391	1.487		
		0.395	0.389	0.42	0.539	0.427	0.641	0.736	0.74	0.799	0.857	0.544	0.913		
		0.904	0.82	0.837	0.551	0.818	0.947	0.825	0.616	0.891	0.902	0.393	0.582		
		0.787	0.859	0.916	0.855	0.739	0.761	0.453	0.528	0.552	0.475	0.225	0.803		
		0.658	0.605	0.553	0.505	0.403	0.54	0.481	0.463	0.576	0.5	0.287	0.562		
		0.515	0.428	0.478	0.656	0.528	0.94	1.599	1.417	1.793	1.488	0.869	0.913		
		0.736	0.51	0.598	1.649	1.406	1.91	1.363	1.065	1.557	1.389	0.624	1.655		
		0.028	0.027	0.027	0.027	0.027	0.029	0.026	0.026	0.026	0.026	0.027	0.027		
		
520	21.10	1.586	1.599	1.731	1.358	1.047	1.253	0.897	0.913	1.265	0.97	0.439	1.782		
		0.35	0.393	0.396	0.494	0.361	0.58	0.732	0.694	0.8	0.846	0.521	0.862		
		0.878	0.83	0.811	0.535	0.789	0.908	0.761	0.521	0.819	0.847	0.363	0.559		
		0.735	0.847	0.893	0.819	0.701	0.679	0.362	0.443	0.438	0.384	0.206	0.721		
		0.565	0.533	0.462	0.411	0.349	0.491	0.476	0.466	0.566	0.49	0.291	0.507		
		0.493	0.395	0.445	0.692	0.557	1.065	1.958	1.72	2.179	1.815	1.05	1.026		
		0.794	0.531	0.628	1.999	1.714	2.327	1.648	1.27	1.877	1.683	0.744	2.014		
		0.027	0.026	0.026	0.026	0.026	0.028	0.026	0.026	0.026	0.026	0.026	0.027		
		
530	21.10	1.935	1.963	2.138	1.638	1.265	1.498	1.064	1.085	1.509	1.158	0.514	2.174		
		0.352	0.388	0.379	0.425	0.411	0.556	0.693	0.67	0.783	0.83	0.505	0.828		
		0.846	0.791	0.811	0.565	0.764	0.889	0.689	0.48	0.765	0.799	0.33	0.585		
		0.682	0.817	0.863	0.769	0.64	0.619	0.299	0.381	0.361	0.317	0.206	0.647		
		0.494	0.472	0.389	0.359	0.327	0.489	0.511	0.506	0.605	0.523	0.316	0.502		
		0.513	0.396	0.45	0.779	0.627	1.259	2.41	2.112	2.688	2.228	1.292	1.205		
		0.908	0.593	0.705	2.459	2.118	2.87	2.024	1.545	2.304	2.066	0.907	2.479		
		0.027	0.026	0.026	0.026	0.026	0.028	0.026	0.025	0.026	0.026	0.027	0.027		
		
540	21.20	2.461	2.518	2.746	2.065	1.594	1.881	1.321	1.353	1.897	1.451	0.629	2.768		
		0.339	0.381	0.38	0.379	0.406	0.505	0.651	0.678	0.735	0.735	0.485	0.796		
		0.832	0.786	0.792	0.641	0.735	0.856	0.667	0.441	0.709	0.787	0.302	0.658		
		0.632	0.772	0.821	0.724	0.606	0.563	0.26	0.335	0.314	0.276	0.222	0.585		
		0.433	0.42	0.338	0.344	0.338	0.529	0.585	0.585	0.691	0.595	0.367	0.541		
		0.575	0.434	0.497	0.926	0.746	1.569	3.086	2.709	3.393	2.838	1.664	1.492		
		1.095	0.701	0.837	3.137	2.716	3.586	2.584	1.967	2.919	2.644	1.155	3.147		
		0.027	0.027	0.026	0.026	0.026	0.028	0.026	0.026	0.026	0.026	0.027	0.026		
		
550	21.10	2.945	3.001	3.238	2.464	1.894	2.245	1.577	1.608	2.272	1.72	0.74	3.253		
		0.308	0.378	0.385	0.322	0.363	0.503	0.662	0.675	0.694	0.696	0.459	0.792		
		0.794	0.724	0.754	0.731	0.692	0.797	0.652	0.39	0.675	0.762	0.284	0.746		
		0.601	0.74	0.775	0.696	0.571	0.507	0.243	0.307	0.293	0.253	0.247	0.55		
		0.396	0.389	0.31	0.352	0.365	0.59	0.673	0.675	0.789	0.683	0.422	0.6		
		0.654	0.485	0.559	1.085	0.87	1.867	3.565	3.203	3.767	3.348	1.995	1.775		
		1.289	0.811	0.974	3.606	3.207	3.897	3.069	2.353	3.397	3.126	1.381	3.597		
		0.028	0.026	0.026	0.026	0.026	0.028	0.026	0.026	0.026	0.026	0.027	0.027		
		
560	21.10	2.945	2.951	3.127	2.571	2.006	2.379	1.71	1.741	2.398	1.846	0.808	3.167		
		0.311	0.301	0.327	0.388	0.306	0.476	0.644	0.629	0.655	0.72	0.43	0.722		
		0.739	0.683	0.68	0.852	0.648	0.722	0.639	0.383	0.643	0.726	0.254	0.87		
		0.559	0.692	0.728	0.646	0.531	0.477	0.23	0.282	0.278	0.233	0.281	0.503		
		0.36	0.349	0.279	0.375	0.408	0.679	0.782	0.784	0.924	0.793	0.487	0.689		
		0.758	0.559	0.646	1.239	0.991	2.003	3.316	3.107	3.411	3.195	2.013	1.919		
		1.446	0.932	1.115	3.325	3.085	3.412	3.008	2.409	3.238	3.039	1.409	3.32		
		0.027	0.026	0.026	0.026	0.027	0.028	0.026	0.026	0.026	0.026	0.027	0.027		
		
570	21.10	2.585	2.458	2.634	2.359	1.823	2.23	1.679	1.685	2.243	1.759	0.806	2.815		
		0.298	0.305	0.301	0.364	0.352	0.412	0.583	0.561	0.604	0.652	0.369	0.642		
		0.662	0.615	0.6	0.992	0.568	0.701	0.567	0.338	0.583	0.647	0.196	1.014		
		0.479	0.597	0.636	0.564	0.456	0.426	0.211	0.238	0.258	0.201	0.321	0.421		
		0.307	0.278	0.23	0.407	0.461	0.783	0.909	0.904	1.074	0.923	0.555	0.793		
		0.881	0.643	0.746	1.359	1.082	1.915	2.888	2.637	3.16	2.733	1.619	1.867		
		1.52	1.035	1.226	2.983	2.568	3.28	2.562	2.073	2.892	2.582	1.168	2.979		
		0.027	0.026	0.026	0.026	0.026	0.027	0.026	0.026	0.026	0.026	0.026	0.026		
		
580	21.10	2.243	1.98	2.12	2.179	1.686	2.115	1.669	1.656	2.134	1.692	0.814	2.42		
		0.289	0.256	0.325	0.357	0.359	0.381	0.494	0.556	0.574	0.599	0.289	0.578		
		0.59	0.531	0.514	1.131	0.486	0.595	0.445	0.268	0.499	0.536	0.139	1.151		
		0.404	0.488	0.517	0.481	0.376	0.363	0.201	0.196	0.243	0.174	0.36	0.347		
		0.251	0.21	0.183	0.441	0.514	0.886	1.03	1.023	1.225	1.049	0.621	0.893		
		1	0.727	0.841	1.486	1.176	1.854	2.289	2.14	2.61	2.207	1.292	1.837		
		1.603	1.141	1.342	2.459	2.019	2.719	2.11	1.79	2.431	2.099	0.972	2.424		
		0.028	0.026	0.026	0.027	0.026	0.028	0.026	0.026	0.026	0.026	0.026	0.027		
		
590	21.20	2.136	1.778	1.896	2.183	1.701	2.156	1.755	1.733	2.165	1.749	0.864	2.277		
		0.281	0.243	0.281	0.308	0.248	0.332	0.452	0.474	0.516	0.495	0.24	0.483		
		0.505	0.437	0.43	1.288	0.413	0.549	0.388	0.263	0.46	0.507	0.096	1.313		
		0.348	0.41	0.43	0.419	0.296	0.327	0.196	0.172	0.24	0.157	0.406	0.292		
		0.217	0.158	0.151	0.488	0.581	1.008	1.176	1.163	1.401	1.193	0.7	1.017		
		1.139	0.822	0.96	1.654	1.306	1.921	1.998	1.928	2.323	1.965	1.152	1.923		
		1.75	1.277	1.496	2.214	1.777	2.393	1.922	1.703	2.239	1.897	0.897	2.153		
		0.028	0.026	0.026	0.026	0.026	0.028	0.027	0.026	0.026	0.026	0.026	0.027		
		
600	21.10	2.206	1.786	1.899	2.307	1.797	2.292	1.89	1.861	2.313	1.87	0.934	2.34		
		0.307	0.233	0.273	0.279	0.261	0.316	0.455	0.424	0.46	0.458	0.204	0.442		
		0.507	0.382	0.39	1.453	0.347	0.484	0.407	0.233	0.43	0.444	0.076	1.478		
		0.313	0.351	0.372	0.373	0.263	0.307	0.201	0.157	0.249	0.156	0.453	0.259		
		0.192	0.132	0.141	0.54	0.648	1.135	1.323	1.305	1.572	1.344	0.781	1.143		
		1.281	0.922	1.079	1.835	1.452	2.067	1.977	1.938	2.318	1.966	1.153	2.077		
		1.924	1.422	1.661	2.223	1.761	2.372	1.943	1.756	2.272	1.908	0.914	2.149		
		0.027	0.026	0.026	0.026	0.026	0.028	0.026	0.026	0.026	0.026	0.026	0.027		
		
610	21.10	2.281	1.829	1.942	2.399	1.871	2.394	1.981	1.949	2.41	1.952	0.979	2.409		
		0.226	0.205	0.268	0.26	0.188	0.293	0.424	0.411	0.434	0.451	0.163	0.383		
		0.441	0.351	0.338	1.578	0.327	0.456	0.389	0.197	0.396	0.406	0.066	1.606		
		0.29	0.305	0.334	0.338	0.237	0.284	0.209	0.15	0.261	0.16	0.49	0.234		
		0.18	0.12	0.14	0.582	0.703	1.236	1.433	1.413	1.707	1.459	0.838	1.241		
		1.392	1.001	1.17	1.965	1.555	2.182	2.014	1.986	2.37	2.013	1.179	2.197		
		2.055	1.528	1.782	2.279	1.796	2.417	1.995	1.818	2.337	1.957	0.94	2.197		
		0.027	0.026	0.026	0.026	0.026	0.028	0.026	0.025	0.026	0.026	0.026	0.026		
		
620	21.10	2.229	1.783	1.893	2.35	1.828	2.345	1.949	1.915	2.354	1.921	0.963	2.352		
		0.233	0.197	0.236	0.269	0.211	0.26	0.364	0.396	0.406	0.415	0.141	0.356		
		0.404	0.299	0.313	1.609	0.281	0.399	0.35	0.208	0.358	0.38	0.061	1.636		
		0.27	0.263	0.293	0.311	0.216	0.262	0.213	0.148	0.263	0.161	0.498	0.218		
		0.171	0.113	0.14	0.594	0.715	1.264	1.458	1.435	1.738	1.485	0.846	1.269		
		1.421	1.02	1.193	1.976	1.563	2.167	1.961	1.937	2.31	1.966	1.15	2.182		
		2.056	1.539	1.792	2.227	1.751	2.352	1.947	1.78	2.281	1.908	0.918	2.141		
		0.027	0.026	0.026	0.025	0.026	0.027	0.026	0.026	0.026	0.025	0.026	0.026		
		
630	21.10	1.982	1.581	1.68	2.101	1.632	2.094	1.735	1.702	2.113	1.705	0.856	2.098		
		0.219	0.167	0.23	0.252	0.192	0.252	0.313	0.325	0.379	0.363	0.131	0.32		
		0.367	0.27	0.273	1.48	0.247	0.375	0.293	0.182	0.329	0.319	0.056	1.501		
		0.248	0.239	0.26	0.284	0.193	0.24	0.198	0.132	0.244	0.148	0.459	0.198		
		0.156	0.101	0.127	0.549	0.663	1.168	1.334	1.312	1.597	1.359	0.772	1.169		
		1.303	0.936	1.096	1.797	1.419	1.955	1.744	1.723	2.064	1.753	1.02	1.974		
		1.861	1.398	1.625	1.986	1.555	2.096	1.731	1.584	2.035	1.695	0.816	1.908		
		0.027	0.026	0.025	0.025	0.026	0.027	0.026	0.025	0.026	0.025	0.025	0.026		
		
640	21.10	1.563	1.242	1.322	1.652	1.288	1.654	1.368	1.342	1.673	1.339	0.681	1.658		
		0.205	0.161	0.236	0.234	0.182	0.241	0.314	0.291	0.357	0.324	0.111	0.29		
		0.348	0.249	0.262	1.195	0.22	0.344	0.27	0.151	0.303	0.323	0.052	1.209		
		0.228	0.216	0.235	0.26	0.168	0.203	0.167	0.115	0.205	0.126	0.376	0.174		
		0.137	0.089	0.11	0.452	0.539	0.951	1.08	1.059	1.288	1.1	0.626	0.946		
		1.055	0.758	0.886	1.44	1.136	1.555	1.374	1.359	1.629	1.382	0.806	1.571		
		1.488	1.116	1.302	1.572	1.222	1.661	1.362	1.247	1.605	1.332	0.647	1.507		
		0.027	0.026	0.026	0.026	0.026	0.028	0.026	0.025	0.026	0.025	0.026	0.026		
		
650	21.10	1.093	0.87	0.927	1.161	0.899	1.16	0.958	0.943	1.164	0.943	0.482	1.158		
		0.209	0.153	0.214	0.215	0.175	0.251	0.311	0.323	0.329	0.308	0.1	0.274		
		0.325	0.223	0.234	0.856	0.202	0.34	0.262	0.147	0.275	0.276	0.048	0.868		
		0.21	0.199	0.215	0.241	0.155	0.176	0.131	0.096	0.156	0.1	0.275	0.156		
		0.115	0.076	0.09	0.332	0.394	0.684	0.771	0.756	0.923	0.783	0.451	0.685		
		0.755	0.548	0.642	1.011	0.807	1.095	0.965	0.952	1.143	0.967	0.571	1.102		
		1.051	0.793	0.921	1.101	0.861	1.157	0.949	0.874	1.126	0.933	0.46	1.056		
		0.027	0.026	0.025	0.025	0.025	0.027	0.025	0.025	0.025	0.025	0.026	0.026		
		
660	21.10	0.681	0.543	0.578	0.72	0.56	0.716	0.596	0.588	0.722	0.59	0.306	0.717		
		0.203	0.146	0.197	0.251	0.166	0.225	0.284	0.285	0.297	0.316	0.097	0.267		
		0.287	0.216	0.22	0.542	0.199	0.285	0.263	0.121	0.251	0.269	0.044	0.547		
		0.192	0.185	0.203	0.222	0.147	0.154	0.094	0.075	0.108	0.074	0.179	0.133		
		0.09	0.065	0.069	0.22	0.256	0.437	0.487	0.479	0.583	0.498	0.289	0.435		
		0.48	0.35	0.406	0.641	0.508	0.686	0.601	0.594	0.707	0.601	0.359	0.692		
		0.658	0.501	0.581	0.687	0.538	0.723	0.594	0.547	0.699	0.585	0.293	0.658		
		0.026	0.025	0.025	0.025	0.025	0.027	0.025	0.025	0.025	0.025	0.025	0.025		
		
670	21.10	0.411	0.327	0.349	0.431	0.34	0.432	0.361	0.354	0.436	0.356	0.191	0.434		
		0.2	0.133	0.164	0.246	0.15	0.196	0.258	0.289	0.289	0.305	0.092	0.251		
		0.278	0.201	0.211	0.328	0.184	0.284	0.244	0.1	0.235	0.244	0.042	0.336		
		0.184	0.176	0.19	0.21	0.148	0.137	0.071	0.063	0.078	0.058	0.119	0.123		
		0.075	0.057	0.056	0.145	0.164	0.271	0.298	0.294	0.355	0.304	0.182	0.269		
		0.294	0.219	0.252	0.385	0.309	0.413	0.362	0.359	0.427	0.364	0.222	0.419		
		0.399	0.307	0.351	0.412	0.327	0.434	0.36	0.333	0.42	0.352	0.184	0.396		
		0.027	0.025	0.025	0.025	0.025	0.027	0.025	0.025	0.025	0.025	0.025	0.025		
		
680	21.10	0.225	0.181	0.196	0.235	0.19	0.238	0.201	0.198	0.239	0.199	0.115	0.238		
		0.191	0.135	0.159	0.215	0.137	0.174	0.251	0.291	0.286	0.261	0.085	0.244		
		0.26	0.185	0.195	0.186	0.166	0.29	0.215	0.102	0.218	0.242	0.039	0.19		
		0.173	0.166	0.182	0.201	0.139	0.127	0.054	0.054	0.057	0.047	0.076	0.11		
		0.065	0.051	0.047	0.092	0.099	0.156	0.171	0.168	0.2	0.174	0.108	0.155		
		0.168	0.127	0.144	0.215	0.176	0.229	0.202	0.201	0.236	0.203	0.128	0.232		
		0.222	0.174	0.198	0.227	0.184	0.239	0.201	0.187	0.232	0.197	0.109	0.219		
		0.026	0.025	0.025	0.025	0.025	0.026	0.025	0.025	0.025	0.025	0.026	0.026		
		
690	21.10	0.137	0.112	0.121	0.143	0.118	0.141	0.123	0.121	0.144	0.123	0.077	0.144		
		0.179	0.137	0.178	0.212	0.152	0.172	0.251	0.273	0.277	0.249	0.083	0.233		
		0.258	0.18	0.195	0.116	0.164	0.281	0.206	0.095	0.211	0.234	0.039	0.118		
		0.166	0.156	0.168	0.191	0.132	0.118	0.046	0.048	0.046	0.04	0.054	0.105		
		0.059	0.048	0.042	0.068	0.07	0.099	0.106	0.105	0.122	0.108	0.074	0.099		
		0.105	0.083	0.094	0.131	0.109	0.137	0.124	0.124	0.141	0.124	0.085	0.14		
		0.135	0.109	0.122	0.137	0.114	0.143	0.123	0.116	0.14	0.121	0.073	0.133		
		0.026	0.025	0.025	0.025	0.025	0.026	0.025	0.025	0.025	0.024	0.025	0.026		
		
700	21.10	0.083	0.068	0.075	0.086	0.074	0.086	0.076	0.075	0.086	0.076	0.054	0.087		
		0.15	0.118	0.157	0.169	0.145	0.173	0.243	0.255	0.258	0.256	0.079	0.237		
		0.254	0.17	0.187	0.072	0.15	0.257	0.203	0.08	0.199	0.215	0.037	0.073		
		0.157	0.149	0.163	0.18	0.118	0.105	0.042	0.046	0.04	0.037	0.043	0.099		
		0.057	0.046	0.039	0.051	0.05	0.064	0.067	0.066	0.076	0.069	0.052	0.065		
		0.068	0.058	0.062	0.08	0.069	0.083	0.076	0.077	0.085	0.076	0.057	0.085		
		0.082	0.07	0.075	0.083	0.072	0.086	0.076	0.073	0.084	0.075	0.052	0.08		
		0.026	0.025	0.025	0.025	0.025	0.026	0.025	0.025	0.025	0.025	0.025	0.025		
		
710	21.10	0.061	0.051	0.057	0.062	0.056	0.063	0.057	0.057	0.063	0.058	0.046	0.063		
		0.145	0.126	0.141	0.148	0.14	0.172	0.222	0.229	0.245	0.255	0.08	0.215		
		0.24	0.169	0.178	0.055	0.163	0.234	0.207	0.089	0.191	0.22	0.037	0.055		
		0.153	0.147	0.159	0.176	0.119	0.106	0.042	0.047	0.038	0.036	0.038	0.096		
		0.057	0.047	0.041	0.047	0.045	0.052	0.053	0.052	0.057	0.054	0.045	0.051		
		0.051	0.046	0.048	0.059	0.051	0.06	0.057	0.058	0.061	0.055	0.047	0.062		
		0.06	0.054	0.057	0.06	0.055	0.062	0.057	0.056	0.06	0.056	0.045	0.059		
		0.029	0.028	0.028	0.028	0.028	0.029	0.028	0.028	0.028	0.027	0.028	0.028		
		
720	21.10	0.05	0.042	0.048	0.051	0.047	0.051	0.048	0.048	0.051	0.048	0.042	0.051		
		0.144	0.114	0.134	0.16	0.124	0.162	0.225	0.232	0.232	0.257	0.074	0.2		
		0.24	0.159	0.17	0.043	0.156	0.245	0.203	0.085	0.182	0.207	0.037	0.047		
		0.15	0.139	0.153	0.171	0.12	0.103	0.039	0.043	0.037	0.036	0.036	0.094		
		0.055	0.046	0.04	0.044	0.04	0.044	0.044	0.044	0.047	0.045	0.04	0.044		
		0.043	0.04	0.041	0.046	0.043	0.047	0.047	0.048	0.048	0.045	0.04	0.048		
		0.05	0.046	0.048	0.049	0.047	0.05	0.047	0.047	0.049	0.047	0.039	0.049		
		0.029	0.027	0.027	0.028	0.027	0.028	0.027	0.027	0.027	0.027	0.027	0.028		
		
730	21.10	0.045	0.039	0.044	0.045	0.044	0.046	0.044	0.044	0.046	0.045	0.041	0.046		
		0.135	0.106	0.172	0.157	0.119	0.156	0.208	0.223	0.233	0.245	0.075	0.204		
		0.214	0.162	0.161	0.042	0.146	0.24	0.187	0.076	0.179	0.186	0.039	0.043		
		0.145	0.134	0.148	0.165	0.119	0.102	0.041	0.046	0.039	0.038	0.037	0.091		
		0.054	0.047	0.04	0.043	0.04	0.041	0.041	0.041	0.043	0.042	0.039	0.042		
		0.041	0.039	0.04	0.043	0.04	0.044	0.043	0.044	0.045	0.043	0.04	0.045		
		0.045	0.043	0.044	0.045	0.044	0.045	0.043	0.043	0.044	0.043	0.039	0.044		
		0.027	0.026	0.025	0.025	0.026	0.027	0.026	0.025	0.026	0.025	0.026	0.026		
		
740	21.10	0.043	0.037	0.043	0.043	0.042	0.043	0.042	0.042	0.044	0.043	0.04	0.044		
		0.131	0.099	0.142	0.15	0.108	0.16	0.219	0.207	0.23	0.211	0.072	0.198		
		0.209	0.149	0.169	0.042	0.134	0.225	0.176	0.085	0.177	0.191	0.04	0.043		
		0.14	0.131	0.143	0.16	0.119	0.094	0.039	0.044	0.037	0.037	0.035	0.088		
		0.053	0.046	0.04	0.042	0.038	0.039	0.039	0.038	0.04	0.039	0.037	0.04		
		0.039	0.039	0.04	0.041	0.04	0.041	0.04	0.042	0.042	0.04	0.039	0.042		
		0.042	0.041	0.042	0.042	0.041	0.042	0.041	0.041	0.042	0.041	0.038	0.042		
		0.028	0.027	0.027	0.027	0.026	0.027	0.026	0.026	0.027	0.026	0.026	0.027		
		
750	21.10	0.042	0.037	0.042	0.042	0.042	0.042	0.041	0.041	0.043	0.042	0.04	0.043		
		0.14	0.099	0.127	0.149	0.12	0.162	0.195	0.192	0.223	0.213	0.071	0.192		
		0.207	0.143	0.159	0.039	0.125	0.212	0.174	0.079	0.165	0.19	0.038	0.04		
		0.137	0.129	0.14	0.155	0.116	0.093	0.04	0.043	0.038	0.037	0.035	0.088		
		0.052	0.045	0.04	0.041	0.037	0.038	0.038	0.038	0.039	0.038	0.037	0.039		
		0.038	0.039	0.039	0.04	0.039	0.04	0.039	0.041	0.041	0.039	0.038	0.042		
		0.041	0.041	0.041	0.041	0.041	0.041	0.04	0.041	0.041	0.04	0.038	0.041		
		0.028	0.027	0.027	0.026	0.027	0.028	0.027	0.026	0.027	0.027	0.027	0.027		
		
~End
Copyright © 2004 Molecular Devices. All rights reserved.
