##BLOCKS= 2          
Plate:	Plate#1	1.3	PlateFormat	Spectrum	Absorbance	Raw	FALSE	41			350	750	10			1	12	96	1	8	None	
Wavelength(nm)	Temperature(¡C)	1	2	3	4	5	6	7	8	9	10	11	12		
350	21.10	0.174	0.476	0.207	0.177	0.248	0.181	0.209	0.36	0.421	0.381	0.31	0.35		
		0.186	0.449	0.199	0.211	0.267	0.213	0.272	0.451	0.472	0.479	0.406	0.45		
		0.273	0.525	0.261	0.244	0.318	0.217	0.239	0.421	0.467	0.444	0.386	0.406		
		0.205	0.458	0.239	0.235	0.299	0.201	0.263	0.405	0.46	0.433	0.369	0.399		
		0.202	0.462	0.229	0.225	0.302	0.249	0.262	0.416	0.454	0.438	0.372	0.431		
		0.195	0.485	0.221	0.2	0.275	0.203	0.218	0.388	0.43	0.38	0.341	0.345		
		0.184	0.533	0.232	0.254	0.352	0.283	0.255	0.471	0.553	0.509	0.432	0.484		
		0.07	0.062	0.061	0.07	0.067	0.062	0.061	0.067	0.071	0.069	0.069	0.076		
		
360	21.20	0.161	0.441	0.194	0.169	0.236	0.173	0.213	0.385	0.452	0.428	0.348	0.395		
		0.206	0.543	0.221	0.242	0.312	0.243	0.319	0.552	0.579	0.59	0.487	0.546		
		0.32	0.645	0.303	0.28	0.384	0.247	0.276	0.508	0.569	0.536	0.462	0.482		
		0.231	0.555	0.273	0.27	0.357	0.228	0.305	0.489	0.558	0.521	0.439	0.476		
		0.225	0.56	0.26	0.255	0.359	0.288	0.304	0.502	0.549	0.528	0.442	0.518		
		0.215	0.587	0.247	0.184	0.255	0.191	0.212	0.42	0.466	0.43	0.381	0.396		
		0.206	0.664	0.272	0.3	0.432	0.335	0.298	0.583	0.688	0.628	0.525	0.591		
		0.058	0.051	0.051	0.059	0.056	0.051	0.051	0.056	0.06	0.058	0.057	0.065		
		
370	21.20	0.152	0.417	0.183	0.163	0.231	0.169	0.221	0.415	0.498	0.48	0.384	0.439		
		0.227	0.638	0.243	0.27	0.356	0.271	0.361	0.649	0.677	0.693	0.572	0.641		
		0.366	0.759	0.343	0.317	0.438	0.278	0.311	0.598	0.666	0.629	0.534	0.561		
		0.258	0.654	0.309	0.304	0.41	0.254	0.352	0.573	0.657	0.609	0.507	0.552		
		0.25	0.664	0.292	0.286	0.412	0.327	0.347	0.59	0.645	0.616	0.509	0.602		
		0.238	0.694	0.277	0.171	0.244	0.187	0.214	0.461	0.517	0.49	0.422	0.445		
		0.229	0.791	0.308	0.345	0.501	0.385	0.341	0.688	0.815	0.742	0.611	0.689		
		0.045	0.042	0.042	0.045	0.044	0.042	0.041	0.044	0.046	0.045	0.045	0.049		
		
380	21.10	0.151	0.415	0.183	0.166	0.238	0.174	0.239	0.47	0.565	0.553	0.434	0.503		
		0.251	0.73	0.269	0.294	0.403	0.299	0.403	0.734	0.769	0.779	0.631	0.714		
		0.403	0.854	0.375	0.35	0.494	0.303	0.348	0.684	0.76	0.711	0.607	0.632		
		0.285	0.752	0.344	0.338	0.467	0.281	0.393	0.658	0.752	0.695	0.578	0.629		
		0.276	0.763	0.323	0.316	0.469	0.367	0.389	0.675	0.738	0.707	0.58	0.686		
		0.261	0.801	0.306	0.165	0.242	0.19	0.224	0.527	0.591	0.565	0.48	0.509		
		0.248	0.89	0.335	0.374	0.558	0.422	0.378	0.767	0.91	0.826	0.681	0.769		
		0.031	0.031	0.031	0.031	0.031	0.032	0.031	0.031	0.03	0.032	0.032	0.031		
		
390	21.20	0.162	0.435	0.199	0.182	0.262	0.191	0.269	0.542	0.656	0.633	0.496	0.576		
		0.277	0.802	0.3	0.308	0.444	0.316	0.425	0.773	0.813	0.811	0.662	0.746		
		0.416	0.881	0.387	0.371	0.524	0.321	0.375	0.744	0.827	0.768	0.654	0.685		
		0.308	0.826	0.373	0.367	0.509	0.303	0.429	0.723	0.827	0.765	0.635	0.694		
		0.301	0.846	0.353	0.344	0.515	0.4	0.426	0.745	0.815	0.781	0.638	0.758		
		0.283	0.888	0.334	0.175	0.257	0.206	0.249	0.611	0.689	0.648	0.549	0.578		
		0.258	0.919	0.335	0.372	0.557	0.426	0.393	0.776	0.918	0.834	0.706	0.798		
		0.028	0.029	0.028	0.028	0.028	0.029	0.028	0.028	0.027	0.029	0.029	0.028		
		
400	21.20	0.177	0.467	0.217	0.2	0.288	0.21	0.298	0.603	0.733	0.69	0.539	0.624		
		0.289	0.821	0.314	0.304	0.464	0.321	0.421	0.762	0.803	0.789	0.647	0.734		
		0.403	0.849	0.373	0.37	0.525	0.32	0.38	0.757	0.834	0.772	0.659	0.691		
		0.314	0.846	0.379	0.373	0.52	0.307	0.441	0.745	0.846	0.784	0.651	0.712		
		0.308	0.871	0.361	0.353	0.528	0.411	0.437	0.766	0.836	0.803	0.656	0.78		
		0.29	0.915	0.342	0.185	0.277	0.224	0.274	0.681	0.766	0.701	0.598	0.62		
		0.256	0.886	0.317	0.346	0.52	0.404	0.386	0.735	0.864	0.785	0.681	0.775		
		0.028	0.028	0.028	0.028	0.028	0.029	0.028	0.028	0.027	0.029	0.028	0.028		
		
410	21.20	0.193	0.509	0.24	0.22	0.319	0.231	0.324	0.665	0.803	0.728	0.565	0.656		
		0.29	0.811	0.315	0.292	0.461	0.313	0.403	0.726	0.766	0.744	0.612	0.692		
		0.379	0.798	0.351	0.356	0.5	0.308	0.369	0.735	0.814	0.752	0.637	0.668		
		0.306	0.826	0.37	0.364	0.507	0.3	0.431	0.729	0.83	0.771	0.635	0.695		
		0.302	0.853	0.353	0.345	0.516	0.402	0.427	0.752	0.818	0.789	0.642	0.766		
		0.284	0.898	0.335	0.202	0.303	0.246	0.301	0.746	0.839	0.733	0.632	0.639		
		0.246	0.831	0.294	0.319	0.477	0.376	0.367	0.679	0.799	0.727	0.638	0.729		
		0.028	0.028	0.028	0.027	0.027	0.029	0.028	0.027	0.027	0.028	0.027	0.027		
		
420	21.20	0.211	0.556	0.26	0.236	0.345	0.247	0.341	0.707	0.861	0.738	0.567	0.665		
		0.277	0.767	0.302	0.274	0.436	0.294	0.372	0.676	0.706	0.689	0.563	0.642		
		0.351	0.738	0.324	0.33	0.464	0.287	0.344	0.687	0.757	0.699	0.592	0.621		
		0.284	0.774	0.345	0.339	0.474	0.279	0.401	0.681	0.777	0.72	0.595	0.65		
		0.282	0.803	0.329	0.322	0.483	0.374	0.399	0.704	0.769	0.739	0.601	0.716		
		0.265	0.844	0.312	0.22	0.329	0.267	0.324	0.795	0.89	0.74	0.644	0.631		
		0.231	0.777	0.272	0.293	0.438	0.346	0.34	0.628	0.738	0.671	0.592	0.675		
		0.027	0.028	0.027	0.027	0.027	0.028	0.027	0.027	0.026	0.027	0.027	0.027		
		
430	21.20	0.224	0.587	0.276	0.247	0.368	0.26	0.352	0.727	0.884	0.731	0.561	0.658		
		0.264	0.724	0.289	0.261	0.417	0.277	0.35	0.631	0.664	0.651	0.536	0.6		
		0.33	0.693	0.306	0.31	0.435	0.271	0.323	0.642	0.707	0.656	0.556	0.58		
		0.266	0.724	0.323	0.318	0.443	0.262	0.376	0.636	0.725	0.672	0.555	0.607		
		0.265	0.749	0.309	0.301	0.452	0.351	0.375	0.658	0.717	0.689	0.562	0.669		
		0.249	0.789	0.293	0.233	0.349	0.282	0.34	0.816	0.911	0.73	0.64	0.611		
		0.219	0.732	0.258	0.278	0.417	0.327	0.319	0.59	0.695	0.632	0.557	0.634		
		0.027	0.027	0.027	0.027	0.027	0.028	0.027	0.027	0.026	0.027	0.027	0.027		
		
440	21.20	0.237	0.613	0.293	0.258	0.385	0.271	0.352	0.73	0.887	0.716	0.543	0.637		
		0.251	0.684	0.274	0.248	0.393	0.265	0.331	0.598	0.627	0.615	0.504	0.575		
		0.314	0.659	0.29	0.293	0.414	0.255	0.304	0.603	0.664	0.614	0.522	0.548		
		0.25	0.678	0.304	0.299	0.417	0.246	0.352	0.596	0.679	0.629	0.52	0.569		
		0.249	0.703	0.29	0.283	0.424	0.329	0.35	0.616	0.671	0.646	0.526	0.627		
		0.234	0.739	0.275	0.246	0.368	0.296	0.351	0.817	0.909	0.71	0.626	0.586		
		0.209	0.698	0.249	0.268	0.402	0.313	0.303	0.566	0.665	0.605	0.53	0.603		
		0.026	0.027	0.027	0.026	0.026	0.028	0.027	0.027	0.026	0.027	0.027	0.027		
		
450	21.20	0.248	0.626	0.306	0.264	0.393	0.277	0.344	0.713	0.859	0.684	0.522	0.611		
		0.24	0.656	0.262	0.242	0.376	0.257	0.321	0.581	0.608	0.6	0.495	0.558		
		0.306	0.644	0.283	0.283	0.399	0.247	0.292	0.579	0.639	0.594	0.504	0.526		
		0.24	0.65	0.292	0.287	0.397	0.237	0.338	0.57	0.649	0.603	0.498	0.544		
		0.239	0.672	0.278	0.271	0.406	0.316	0.335	0.588	0.642	0.617	0.503	0.599		
		0.224	0.706	0.264	0.257	0.382	0.308	0.356	0.791	0.878	0.68	0.6	0.561		
		0.204	0.682	0.245	0.265	0.396	0.308	0.295	0.557	0.655	0.596	0.518	0.588		
		0.026	0.027	0.026	0.026	0.026	0.027	0.027	0.026	0.025	0.026	0.026	0.026		
		
460	21.20	0.258	0.628	0.316	0.27	0.401	0.281	0.327	0.666	0.804	0.635	0.486	0.569		
		0.228	0.626	0.252	0.236	0.36	0.249	0.315	0.564	0.59	0.588	0.484	0.543		
		0.303	0.634	0.282	0.276	0.388	0.238	0.282	0.554	0.612	0.572	0.485	0.508		
		0.23	0.62	0.281	0.276	0.382	0.227	0.324	0.543	0.62	0.575	0.475	0.519		
		0.23	0.64	0.268	0.261	0.388	0.304	0.322	0.561	0.612	0.587	0.48	0.571		
		0.214	0.672	0.251	0.268	0.395	0.315	0.357	0.739	0.815	0.632	0.558	0.524		
		0.198	0.67	0.244	0.268	0.398	0.308	0.29	0.554	0.652	0.593	0.51	0.577		
		0.027	0.027	0.027	0.026	0.027	0.028	0.027	0.027	0.026	0.027	0.027	0.027		
		
470	21.20	0.264	0.619	0.321	0.267	0.399	0.278	0.295	0.595	0.712	0.561	0.43	0.501		
		0.211	0.578	0.229	0.225	0.33	0.233	0.299	0.539	0.563	0.565	0.466	0.525		
		0.294	0.615	0.274	0.261	0.368	0.228	0.264	0.517	0.573	0.536	0.457	0.476		
		0.216	0.575	0.263	0.258	0.357	0.214	0.303	0.502	0.575	0.532	0.443	0.481		
		0.214	0.591	0.249	0.243	0.361	0.282	0.3	0.519	0.565	0.542	0.442	0.526		
		0.201	0.619	0.236	0.275	0.399	0.315	0.348	0.653	0.717	0.558	0.492	0.466		
		0.19	0.648	0.243	0.266	0.397	0.304	0.279	0.546	0.644	0.585	0.494	0.558		
		0.026	0.027	0.026	0.026	0.026	0.027	0.026	0.026	0.026	0.027	0.027	0.027		
		
480	21.20	0.269	0.607	0.326	0.263	0.391	0.275	0.259	0.512	0.599	0.472	0.364	0.423		
		0.188	0.527	0.203	0.213	0.296	0.217	0.285	0.52	0.541	0.547	0.454	0.511		
		0.288	0.603	0.269	0.247	0.351	0.216	0.245	0.48	0.533	0.503	0.426	0.447		
		0.2	0.527	0.242	0.238	0.327	0.198	0.277	0.461	0.527	0.488	0.403	0.441		
		0.196	0.533	0.228	0.223	0.329	0.258	0.274	0.474	0.517	0.494	0.405	0.481		
		0.184	0.562	0.216	0.282	0.404	0.314	0.333	0.551	0.594	0.471	0.414	0.4		
		0.182	0.634	0.244	0.271	0.404	0.304	0.27	0.548	0.647	0.588	0.487	0.548		
		0.027	0.027	0.026	0.027	0.026	0.027	0.026	0.026	0.026	0.027	0.026	0.027		
		
490	21.20	0.274	0.597	0.33	0.26	0.385	0.27	0.224	0.436	0.5	0.392	0.303	0.354		
		0.168	0.487	0.18	0.209	0.268	0.207	0.278	0.513	0.534	0.553	0.449	0.507		
		0.289	0.615	0.27	0.237	0.341	0.206	0.229	0.453	0.504	0.477	0.405	0.426		
		0.187	0.49	0.226	0.222	0.305	0.185	0.256	0.427	0.49	0.451	0.374	0.409		
		0.181	0.492	0.211	0.206	0.304	0.238	0.253	0.438	0.477	0.456	0.375	0.444		
		0.171	0.515	0.2	0.288	0.407	0.314	0.321	0.459	0.489	0.39	0.341	0.338		
		0.176	0.643	0.252	0.284	0.424	0.314	0.267	0.572	0.676	0.616	0.493	0.551		
		0.026	0.026	0.026	0.026	0.026	0.027	0.026	0.026	0.025	0.026	0.026	0.026		
		
500	21.20	0.278	0.578	0.33	0.259	0.377	0.267	0.194	0.359	0.402	0.313	0.249	0.284		
		0.156	0.467	0.164	0.215	0.251	0.206	0.285	0.534	0.551	0.589	0.482	0.539		
		0.309	0.661	0.29	0.241	0.348	0.211	0.227	0.444	0.498	0.478	0.405	0.427		
		0.183	0.472	0.22	0.216	0.297	0.182	0.248	0.41	0.472	0.433	0.359	0.392		
		0.175	0.466	0.204	0.2	0.293	0.23	0.244	0.418	0.456	0.434	0.357	0.424		
		0.164	0.487	0.192	0.294	0.407	0.314	0.31	0.368	0.381	0.315	0.274	0.285		
		0.182	0.69	0.278	0.319	0.473	0.344	0.28	0.631	0.745	0.681	0.529	0.588		
		0.026	0.026	0.026	0.026	0.026	0.027	0.025	0.026	0.025	0.026	0.026	0.026		
		
510	21.20	0.28	0.562	0.329	0.256	0.369	0.263	0.169	0.299	0.323	0.257	0.21	0.237		
		0.151	0.487	0.157	0.234	0.252	0.218	0.314	0.601	0.617	0.674	0.548	0.61		
		0.351	0.761	0.329	0.261	0.383	0.227	0.238	0.472	0.533	0.516	0.436	0.46		
		0.19	0.493	0.229	0.226	0.31	0.189	0.258	0.426	0.493	0.45	0.372	0.407		
		0.178	0.478	0.21	0.205	0.302	0.236	0.252	0.431	0.472	0.447	0.368	0.437		
		0.167	0.499	0.196	0.293	0.406	0.311	0.3	0.295	0.295	0.261	0.224	0.251		
		0.198	0.791	0.323	0.375	0.561	0.4	0.314	0.741	0.883	0.802	0.607	0.674		
		0.026	0.026	0.026	0.026	0.026	0.027	0.026	0.026	0.026	0.026	0.026	0.026		
		
520	21.20	0.278	0.546	0.325	0.252	0.361	0.258	0.15	0.258	0.268	0.23	0.191	0.214		
		0.156	0.543	0.16	0.27	0.27	0.247	0.362	0.705	0.728	0.797	0.638	0.719		
		0.413	0.91	0.389	0.298	0.445	0.257	0.265	0.535	0.606	0.589	0.495	0.524		
		0.208	0.552	0.255	0.25	0.346	0.21	0.284	0.474	0.551	0.501	0.414	0.452		
		0.194	0.528	0.23	0.224	0.333	0.259	0.276	0.479	0.523	0.494	0.406	0.483		
		0.18	0.55	0.213	0.29	0.401	0.306	0.29	0.245	0.237	0.235	0.196	0.242		
		0.226	0.947	0.386	0.45	0.678	0.478	0.366	0.895	1.071	0.972	0.722	0.801		
		0.026	0.027	0.026	0.026	0.026	0.027	0.026	0.026	0.026	0.027	0.026	0.027		
		
530	21.20	0.265	0.525	0.308	0.239	0.338	0.244	0.134	0.222	0.226	0.22	0.187	0.208		
		0.173	0.636	0.175	0.313	0.307	0.282	0.427	0.851	0.879	0.969	0.776	0.87		
		0.497	1.114	0.466	0.348	0.527	0.299	0.305	0.631	0.717	0.698	0.587	0.622		
		0.239	0.646	0.292	0.287	0.4	0.239	0.326	0.553	0.645	0.584	0.481	0.527		
		0.219	0.613	0.261	0.255	0.383	0.296	0.315	0.556	0.61	0.573	0.47	0.561		
		0.204	0.639	0.243	0.278	0.384	0.291	0.273	0.206	0.195	0.228	0.187	0.251		
		0.262	1.157	0.468	0.55	0.831	0.58	0.435	1.099	1.318	1.196	0.881	0.974		
		0.026	0.027	0.027	0.026	0.027	0.027	0.027	0.027	0.026	0.027	0.026	0.027		
		
540	21.20	0.249	0.502	0.291	0.223	0.317	0.228	0.121	0.194	0.196	0.234	0.2	0.221		
		0.201	0.786	0.203	0.394	0.37	0.348	0.535	1.077	1.1	1.23	0.978	1.106		
		0.628	1.427	0.589	0.433	0.657	0.372	0.374	0.782	0.893	0.875	0.727	0.772		
		0.291	0.794	0.356	0.351	0.49	0.291	0.397	0.678	0.793	0.718	0.591	0.644		
		0.263	0.748	0.316	0.308	0.468	0.357	0.382	0.679	0.747	0.698	0.569	0.683		
		0.242	0.78	0.291	0.266	0.366	0.273	0.252	0.178	0.167	0.242	0.193	0.28		
		0.328	1.484	0.595	0.704	1.067	0.737	0.549	1.418	1.705	1.54	1.117	1.242		
		0.027	0.027	0.027	0.026	0.026	0.027	0.026	0.026	0.026	0.027	0.027	0.027		
		
550	21.20	0.24	0.486	0.277	0.215	0.305	0.219	0.116	0.181	0.181	0.255	0.223	0.245		
		0.233	0.933	0.236	0.463	0.432	0.41	0.636	1.294	1.333	1.482	1.174	1.323		
		0.745	1.72	0.705	0.511	0.789	0.435	0.438	0.925	1.061	1.041	0.863	0.915		
		0.339	0.938	0.417	0.41	0.578	0.339	0.467	0.797	0.936	0.842	0.692	0.758		
		0.305	0.884	0.368	0.358	0.547	0.417	0.447	0.798	0.881	0.822	0.672	0.805		
		0.283	0.917	0.34	0.257	0.352	0.264	0.242	0.165	0.156	0.269	0.211	0.32		
		0.384	1.795	0.707	0.838	1.285	0.879	0.652	1.709	2.055	1.862	1.347	1.487		
		0.026	0.026	0.026	0.026	0.026	0.027	0.026	0.026	0.026	0.026	0.026	0.026		
		
560	21.20	0.217	0.465	0.252	0.192	0.276	0.197	0.106	0.164	0.165	0.288	0.253	0.278		
		0.263	1.025	0.268	0.487	0.485	0.438	0.676	1.373	1.407	1.549	1.23	1.396		
		0.777	1.792	0.733	0.549	0.833	0.467	0.482	1.017	1.163	1.134	0.938	0.996		
		0.377	1.048	0.462	0.454	0.641	0.374	0.519	0.894	1.05	0.947	0.773	0.849		
		0.343	0.995	0.413	0.401	0.615	0.469	0.502	0.899	0.99	0.928	0.754	0.907		
		0.318	1.037	0.382	0.24	0.328	0.24	0.221	0.15	0.146	0.305	0.236	0.371		
		0.403	1.868	0.724	0.848	1.306	0.902	0.685	1.754	2.104	1.905	1.399	1.551		
		0.027	0.027	0.027	0.026	0.026	0.027	0.027	0.027	0.026	0.027	0.027	0.027		
		
570	21.20	0.172	0.433	0.204	0.148	0.225	0.152	0.086	0.131	0.135	0.329	0.289	0.316		
		0.286	1.012	0.297	0.442	0.506	0.419	0.627	1.226	1.278	1.356	1.093	1.226		
		0.682	1.535	0.633	0.522	0.783	0.445	0.488	1.014	1.143	1.089	0.916	0.965		
		0.392	1.081	0.476	0.469	0.662	0.385	0.545	0.932	1.083	0.986	0.81	0.888		
		0.366	1.057	0.438	0.425	0.65	0.498	0.531	0.949	1.042	0.988	0.803	0.962		
		0.342	1.106	0.408	0.204	0.284	0.192	0.172	0.125	0.129	0.35	0.266	0.428		
		0.364	1.582	0.591	0.689	1.051	0.75	0.613	1.437	1.729	1.566	1.198	1.342		
		0.027	0.027	0.027	0.027	0.027	0.027	0.026	0.027	0.026	0.027	0.027	0.027		
		
580	21.30	0.125	0.401	0.154	0.102	0.17	0.105	0.066	0.099	0.107	0.369	0.325	0.355		
		0.309	1.008	0.328	0.404	0.534	0.4	0.587	1.111	1.166	1.183	0.964	1.088		
		0.598	1.311	0.552	0.503	0.732	0.433	0.498	1.02	1.133	1.067	0.9	0.939		
		0.411	1.12	0.494	0.486	0.684	0.398	0.573	0.977	1.126	1.033	0.849	0.929		
		0.391	1.122	0.465	0.45	0.687	0.527	0.563	1.002	1.098	1.049	0.849	1.017		
		0.366	1.178	0.436	0.169	0.239	0.145	0.125	0.101	0.115	0.394	0.297	0.486		
		0.333	1.333	0.483	0.547	0.834	0.621	0.554	1.17	1.4	1.265	1.028	1.168		
		0.027	0.027	0.027	0.026	0.027	0.027	0.027	0.027	0.026	0.027	0.027	0.027		
		
590	21.30	0.089	0.376	0.113	0.069	0.126	0.07	0.053	0.076	0.089	0.417	0.366	0.401		
		0.342	1.063	0.365	0.401	0.578	0.414	0.593	1.097	1.152	1.141	0.932	1.056		
		0.576	1.238	0.528	0.517	0.748	0.444	0.531	1.078	1.198	1.115	0.938	0.983		
		0.443	1.209	0.532	0.523	0.737	0.427	0.623	1.062	1.217	1.124	0.921	1.011		
		0.428	1.228	0.507	0.491	0.751	0.576	0.613	1.094	1.199	1.147	0.928	1.113		
		0.401	1.293	0.476	0.141	0.202	0.107	0.089	0.085	0.108	0.446	0.335	0.553		
		0.33	1.243	0.438	0.486	0.742	0.571	0.545	1.061	1.258	1.14	0.975	1.117		
		0.027	0.026	0.026	0.026	0.026	0.027	0.026	0.026	0.026	0.026	0.026	0.027		
		
600	21.30	0.069	0.357	0.089	0.052	0.102	0.054	0.049	0.068	0.083	0.467	0.412	0.45		
		0.377	1.157	0.406	0.424	0.634	0.442	0.626	1.153	1.216	1.187	0.963	1.099		
		0.597	1.277	0.548	0.552	0.795	0.473	0.575	1.17	1.295	1.192	1.009	1.056		
		0.481	1.319	0.577	0.568	0.801	0.462	0.68	1.158	1.326	1.225	1.008	1.104		
		0.467	1.344	0.552	0.535	0.816	0.628	0.67	1.196	1.311	1.258	1.017	1.218		
		0.437	1.418	0.52	0.119	0.175	0.085	0.07	0.08	0.11	0.5	0.373	0.623		
		0.346	1.278	0.44	0.484	0.74	0.579	0.57	1.072	1.269	1.15	1.005	1.158		
		0.027	0.026	0.027	0.026	0.026	0.027	0.026	0.026	0.026	0.026	0.026	0.027		
		
610	21.30	0.059	0.335	0.075	0.046	0.086	0.047	0.047	0.066	0.082	0.509	0.446	0.491		
		0.403	1.234	0.435	0.443	0.68	0.466	0.657	1.204	1.279	1.243	0.995	1.141		
		0.618	1.326	0.566	0.577	0.83	0.494	0.603	1.232	1.361	1.252	1.057	1.106		
		0.505	1.393	0.606	0.597	0.844	0.484	0.712	1.223	1.401	1.293	1.063	1.164		
		0.492	1.423	0.582	0.563	0.861	0.661	0.705	1.265	1.385	1.329	1.074	1.287		
		0.459	1.501	0.547	0.102	0.153	0.073	0.061	0.081	0.114	0.545	0.404	0.677		
		0.361	1.33	0.452	0.495	0.758	0.595	0.593	1.105	1.307	1.183	1.042	1.202		
		0.026	0.026	0.026	0.026	0.026	0.026	0.026	0.026	0.025	0.026	0.026	0.026		
		
620	21.30	0.052	0.311	0.064	0.041	0.076	0.043	0.046	0.065	0.085	0.524	0.457	0.503		
		0.407	1.243	0.44	0.439	0.689	0.461	0.647	1.19	1.26	1.222	0.997	1.134		
		0.608	1.309	0.557	0.569	0.811	0.491	0.596	1.223	1.355	1.25	1.047	1.098		
		0.499	1.382	0.598	0.59	0.83	0.479	0.707	1.212	1.393	1.284	1.05	1.154		
		0.486	1.412	0.574	0.556	0.852	0.654	0.697	1.252	1.376	1.321	1.063	1.276		
		0.454	1.488	0.54	0.088	0.136	0.063	0.054	0.081	0.115	0.56	0.415	0.695		
		0.358	1.322	0.444	0.484	0.74	0.584	0.584	1.086	1.286	1.164	1.027	1.185		
		0.027	0.026	0.026	0.026	0.026	0.027	0.026	0.026	0.026	0.027	0.027	0.027		
		
630	21.30	0.048	0.288	0.058	0.04	0.069	0.041	0.046	0.062	0.078	0.49	0.427	0.472		
		0.372	1.138	0.402	0.397	0.625	0.419	0.579	1.069	1.138	1.1	0.884	1.012		
		0.545	1.177	0.499	0.512	0.736	0.44	0.535	1.096	1.211	1.116	0.939	0.983		
		0.448	1.24	0.536	0.529	0.748	0.43	0.632	1.09	1.247	1.152	0.942	1.034		
		0.436	1.267	0.515	0.499	0.763	0.586	0.623	1.124	1.233	1.181	0.952	1.144		
		0.406	1.334	0.484	0.08	0.119	0.058	0.05	0.077	0.109	0.524	0.388	0.647		
		0.324	1.195	0.399	0.434	0.666	0.522	0.525	0.974	1.156	1.044	0.919	1.063		
		0.026	0.026	0.026	0.025	0.026	0.026	0.026	0.026	0.025	0.026	0.026	0.026		
		
640	21.30	0.045	0.268	0.054	0.039	0.063	0.04	0.043	0.057	0.07	0.407	0.353	0.392		
		0.305	0.921	0.331	0.323	0.508	0.342	0.463	0.855	0.906	0.877	0.703	0.806		
		0.437	0.939	0.398	0.41	0.588	0.35	0.428	0.874	0.966	0.896	0.749	0.784		
		0.359	0.987	0.429	0.423	0.595	0.345	0.505	0.865	0.994	0.916	0.749	0.822		
		0.349	1.007	0.411	0.399	0.61	0.467	0.497	0.894	0.978	0.939	0.759	0.909		
		0.326	1.06	0.387	0.072	0.108	0.054	0.047	0.068	0.095	0.434	0.322	0.532		
		0.264	0.961	0.321	0.348	0.534	0.419	0.421	0.774	0.922	0.832	0.735	0.846		
		0.026	0.026	0.026	0.026	0.026	0.027	0.026	0.026	0.026	0.026	0.026	0.026		
		
650	21.30	0.043	0.251	0.051	0.038	0.059	0.038	0.041	0.051	0.061	0.3	0.263	0.292		
		0.225	0.667	0.243	0.235	0.37	0.248	0.333	0.614	0.647	0.629	0.505	0.58		
		0.316	0.672	0.288	0.295	0.418	0.257	0.308	0.624	0.691	0.641	0.538	0.562		
		0.258	0.702	0.31	0.304	0.426	0.249	0.361	0.618	0.705	0.653	0.534	0.588		
		0.254	0.714	0.296	0.288	0.436	0.336	0.355	0.636	0.698	0.671	0.541	0.649		
		0.237	0.753	0.279	0.068	0.1	0.051	0.045	0.059	0.078	0.321	0.241	0.392		
		0.195	0.692	0.235	0.254	0.384	0.302	0.304	0.555	0.659	0.598	0.527	0.605		
		0.026	0.026	0.026	0.026	0.026	0.027	0.026	0.026	0.025	0.026	0.026	0.026		
		
660	21.30	0.042	0.237	0.049	0.036	0.056	0.037	0.039	0.045	0.05	0.201	0.177	0.193		
		0.15	0.424	0.159	0.154	0.241	0.164	0.217	0.388	0.411	0.397	0.327	0.374		
		0.203	0.426	0.187	0.191	0.268	0.166	0.199	0.395	0.433	0.403	0.341	0.358		
		0.169	0.439	0.201	0.196	0.271	0.162	0.233	0.389	0.445	0.411	0.34	0.371		
		0.166	0.452	0.192	0.188	0.277	0.218	0.231	0.401	0.439	0.422	0.343	0.407		
		0.155	0.475	0.181	0.065	0.094	0.049	0.043	0.049	0.062	0.213	0.161	0.256		
		0.13	0.439	0.154	0.165	0.247	0.197	0.198	0.355	0.417	0.38	0.336	0.384		
		0.026	0.025	0.025	0.025	0.025	0.026	0.025	0.025	0.025	0.026	0.025	0.025		
		
670	21.30	0.041	0.225	0.047	0.036	0.054	0.036	0.037	0.04	0.043	0.132	0.117	0.128		
		0.102	0.264	0.109	0.105	0.153	0.111	0.14	0.24	0.254	0.247	0.202	0.23		
		0.134	0.264	0.123	0.126	0.171	0.113	0.131	0.245	0.268	0.249	0.213	0.223		
		0.111	0.271	0.13	0.128	0.172	0.109	0.148	0.24	0.273	0.253	0.212	0.231		
		0.11	0.276	0.126	0.123	0.175	0.14	0.148	0.246	0.27	0.259	0.213	0.251		
		0.103	0.288	0.12	0.062	0.088	0.047	0.041	0.043	0.05	0.139	0.11	0.165		
		0.089	0.271	0.105	0.111	0.159	0.13	0.13	0.221	0.256	0.235	0.21	0.238		
		0.026	0.026	0.025	0.025	0.026	0.026	0.026	0.025	0.025	0.026	0.025	0.026		
		
680	21.30	0.039	0.214	0.045	0.035	0.052	0.035	0.036	0.038	0.039	0.084	0.076	0.082		
		0.067	0.151	0.071	0.068	0.094	0.072	0.087	0.138	0.146	0.141	0.118	0.133		
		0.084	0.151	0.078	0.079	0.103	0.073	0.082	0.14	0.155	0.144	0.125	0.13		
		0.071	0.156	0.081	0.08	0.101	0.07	0.09	0.138	0.157	0.144	0.123	0.133		
		0.071	0.159	0.079	0.078	0.105	0.087	0.091	0.142	0.155	0.15	0.124	0.146		
		0.068	0.165	0.076	0.06	0.084	0.046	0.041	0.038	0.042	0.087	0.073	0.1		
		0.061	0.157	0.068	0.071	0.096	0.081	0.081	0.129	0.149	0.136	0.123	0.138		
		0.025	0.025	0.025	0.025	0.025	0.025	0.025	0.025	0.025	0.025	0.025	0.026		
		
690	21.30	0.039	0.205	0.046	0.035	0.052	0.035	0.035	0.036	0.037	0.063	0.057	0.061		
		0.05	0.097	0.053	0.051	0.065	0.054	0.061	0.09	0.094	0.092	0.08	0.089		
		0.059	0.098	0.056	0.057	0.07	0.054	0.059	0.092	0.098	0.093	0.083	0.085		
		0.052	0.099	0.057	0.057	0.069	0.052	0.062	0.09	0.1	0.094	0.082	0.086		
		0.053	0.101	0.057	0.059	0.073	0.063	0.066	0.093	0.098	0.096	0.084	0.094		
		0.052	0.104	0.056	0.058	0.08	0.045	0.04	0.036	0.039	0.062	0.055	0.069		
		0.048	0.1	0.052	0.053	0.067	0.059	0.058	0.087	0.096	0.09	0.084	0.091		
		0.026	0.025	0.025	0.025	0.025	0.026	0.025	0.026	0.025	0.026	0.025	0.025		
		
700	21.30	0.038	0.196	0.043	0.034	0.049	0.035	0.035	0.036	0.035	0.047	0.044	0.046		
		0.041	0.063	0.042	0.041	0.048	0.043	0.046	0.06	0.061	0.06	0.054	0.06		
		0.046	0.064	0.044	0.044	0.05	0.044	0.046	0.06	0.064	0.061	0.056	0.059		
		0.042	0.064	0.045	0.043	0.05	0.041	0.047	0.06	0.064	0.061	0.056	0.058		
		0.042	0.065	0.045	0.045	0.052	0.047	0.048	0.062	0.064	0.063	0.057	0.063		
		0.042	0.067	0.044	0.056	0.077	0.044	0.04	0.035	0.036	0.047	0.044	0.051		
		0.04	0.065	0.042	0.042	0.049	0.046	0.045	0.058	0.062	0.06	0.057	0.061		
		0.026	0.026	0.026	0.025	0.025	0.026	0.025	0.026	0.025	0.026	0.025	0.026		
		
710	21.30	0.04	0.189	0.044	0.037	0.051	0.037	0.037	0.037	0.037	0.044	0.04	0.042		
		0.036	0.05	0.037	0.038	0.042	0.038	0.04	0.048	0.049	0.048	0.045	0.05		
		0.04	0.05	0.039	0.039	0.042	0.039	0.039	0.047	0.051	0.047	0.045	0.048		
		0.037	0.048	0.038	0.038	0.041	0.037	0.04	0.046	0.051	0.05	0.046	0.046		
		0.04	0.052	0.041	0.041	0.045	0.042	0.043	0.05	0.051	0.051	0.048	0.05		
		0.038	0.051	0.039	0.057	0.076	0.043	0.039	0.034	0.035	0.04	0.039	0.044		
		0.038	0.051	0.037	0.039	0.041	0.041	0.04	0.046	0.05	0.048	0.046	0.049		
		0.028	0.028	0.028	0.028	0.028	0.028	0.028	0.028	0.027	0.028	0.028	0.028		
		
720	21.30	0.04	0.183	0.044	0.037	0.05	0.038	0.037	0.038	0.037	0.041	0.039	0.039		
		0.035	0.043	0.038	0.035	0.037	0.037	0.04	0.043	0.043	0.043	0.039	0.044		
		0.038	0.042	0.036	0.037	0.038	0.037	0.037	0.041	0.042	0.042	0.04	0.041		
		0.035	0.041	0.036	0.036	0.038	0.035	0.036	0.04	0.042	0.041	0.04	0.04		
		0.038	0.045	0.039	0.039	0.041	0.04	0.041	0.044	0.045	0.044	0.043	0.044		
		0.036	0.043	0.037	0.056	0.074	0.043	0.039	0.034	0.035	0.037	0.037	0.038		
		0.035	0.042	0.036	0.036	0.04	0.04	0.036	0.043	0.044	0.041	0.043	0.044		
		0.029	0.028	0.028	0.028	0.028	0.029	0.028	0.028	0.028	0.029	0.028	0.029		
		
730	21.30	0.04	0.177	0.044	0.037	0.049	0.037	0.037	0.038	0.037	0.039	0.038	0.038		
		0.036	0.039	0.036	0.036	0.038	0.037	0.038	0.039	0.04	0.039	0.038	0.042		
		0.036	0.041	0.038	0.037	0.038	0.037	0.038	0.04	0.041	0.041	0.04	0.041		
		0.035	0.04	0.037	0.037	0.038	0.037	0.037	0.04	0.041	0.041	0.04	0.04		
		0.038	0.042	0.039	0.039	0.04	0.039	0.039	0.041	0.042	0.042	0.041	0.042		
		0.036	0.04	0.036	0.054	0.072	0.043	0.041	0.036	0.036	0.037	0.038	0.038		
		0.036	0.04	0.037	0.037	0.038	0.038	0.037	0.04	0.04	0.039	0.04	0.04		
		0.027	0.027	0.027	0.027	0.026	0.027	0.027	0.027	0.026	0.027	0.026	0.027		
		
740	21.30	0.038	0.169	0.042	0.035	0.046	0.036	0.036	0.036	0.035	0.037	0.035	0.036		
		0.034	0.036	0.035	0.034	0.035	0.036	0.036	0.037	0.037	0.037	0.036	0.038		
		0.035	0.037	0.035	0.035	0.036	0.036	0.036	0.037	0.038	0.037	0.037	0.038		
		0.034	0.037	0.035	0.035	0.036	0.035	0.036	0.037	0.038	0.038	0.037	0.037		
		0.036	0.039	0.037	0.038	0.039	0.038	0.038	0.039	0.039	0.039	0.039	0.039		
		0.036	0.039	0.037	0.052	0.069	0.042	0.038	0.034	0.035	0.035	0.036	0.036		
		0.034	0.036	0.034	0.034	0.036	0.036	0.034	0.037	0.036	0.037	0.037	0.037		
		0.028	0.027	0.027	0.027	0.027	0.028	0.027	0.027	0.027	0.028	0.027	0.027		
		
750	21.30	0.038	0.164	0.041	0.035	0.046	0.036	0.035	0.036	0.035	0.037	0.035	0.036		
		0.034	0.036	0.035	0.034	0.035	0.035	0.036	0.036	0.037	0.037	0.036	0.038		
		0.035	0.037	0.034	0.035	0.035	0.037	0.036	0.037	0.037	0.037	0.037	0.037		
		0.035	0.037	0.035	0.035	0.036	0.035	0.036	0.037	0.038	0.038	0.037	0.037		
		0.036	0.038	0.037	0.037	0.038	0.037	0.038	0.038	0.039	0.038	0.039	0.038		
		0.037	0.039	0.037	0.051	0.067	0.042	0.038	0.034	0.035	0.035	0.036	0.035		
		0.034	0.035	0.034	0.034	0.035	0.036	0.033	0.037	0.036	0.036	0.037	0.037		
		0.028	0.028	0.027	0.027	0.027	0.028	0.027	0.027	0.027	0.028	0.027	0.028		
		
~End
Copyright © 2004 Molecular Devices. All rights reserved.
