##BLOCKS= 2          
Plate:	Plate#1	1.3	PlateFormat	Spectrum	Absorbance	Raw	FALSE	41			350	750	10			1	12	96	1	8	None	
Wavelength(nm)	Temperature(¡C)	1	2	3	4	5	6	7	8	9	10	11	12		
350	21.40	0.545	0.556	0.581	0.716	0.694	0.644	0.64	0.592	0.562	0.614	0.668	0.681		
		0.653	0.67	0.644	0.643	0.628	0.607	0.571	0.51	0.544	0.542	0.596	0.591		
		0.593	0.607	0.591	0.604	0.602	0.561	0.569	0.565	0.542	0.58	0.577	0.59		
		0.584	0.603	0.575	0.618	0.678	0.798	0.774	0.748	0.761	0.782	0.81	0.814		
		0.866	0.877	0.87	0.87	0.844	0.782	0.724	0.708	0.674	0.768	0.73	0.701		
		0.845	0.851	0.807	0.734	0.732	0.695	0.633	0.663	0.665	0.681	0.688	0.683		
		0.691	0.716	0.665	0.747	0.721	0.684	0.687	0.64	0.663	0.693	0.669	0.691		
		0.065	0.058	0.059	0.065	0.062	0.058	0.062	0.062	0.067	0.065	0.066	0.073		
		
360	21.40	0.526	0.536	0.548	0.678	0.662	0.62	0.652	0.647	0.605	0.653	0.717	0.733		
		0.684	0.725	0.706	0.707	0.699	0.691	0.67	0.605	0.647	0.636	0.706	0.703		
		0.695	0.72	0.702	0.711	0.717	0.672	0.674	0.681	0.648	0.668	0.692	0.706		
		0.689	0.719	0.685	0.752	0.849	1.018	0.975	0.931	0.949	0.976	1.01	1.009		
		1.1	1.104	1.088	1.105	1.062	0.967	0.892	0.869	0.823	0.949	0.895	0.859		
		1.067	1.066	1.004	0.894	0.895	0.849	0.771	0.806	0.805	0.831	0.835	0.828		
		0.843	0.87	0.808	0.909	0.876	0.834	0.836	0.775	0.801	0.84	0.807	0.833		
		0.054	0.049	0.049	0.056	0.053	0.049	0.054	0.052	0.056	0.054	0.055	0.062		
		
370	21.40	0.492	0.525	0.525	0.656	0.649	0.615	0.686	0.719	0.669	0.712	0.788	0.809		
		0.741	0.808	0.79	0.793	0.793	0.793	0.782	0.708	0.759	0.738	0.826	0.821		
		0.808	0.844	0.822	0.828	0.843	0.791	0.789	0.802	0.761	0.771	0.813	0.828		
		0.806	0.846	0.807	0.893	1.006	1.22	1.164	1.108	1.129	1.161	1.199	1.197		
		1.316	1.319	1.295	1.322	1.264	1.154	1.06	1.033	0.971	1.127	1.059	1.017		
		1.274	1.271	1.197	1.061	1.059	1.006	0.909	0.953	0.954	0.979	0.984	0.975		
		0.993	1.031	0.954	1.078	1.039	0.986	0.988	0.915	0.944	0.993	0.951	0.981		
		0.043	0.041	0.041	0.044	0.043	0.042	0.045	0.041	0.044	0.044	0.044	0.047		
		
380	21.40	0.486	0.521	0.523	0.663	0.662	0.635	0.749	0.818	0.761	0.803	0.893	0.917		
		0.827	0.924	0.907	0.912	0.914	0.921	0.912	0.824	0.884	0.856	0.962	0.953		
		0.941	0.986	0.959	0.965	0.984	0.922	0.921	0.932	0.884	0.895	0.942	0.961		
		0.94	0.987	0.939	1.028	1.143	1.368	1.304	1.248	1.269	1.302	1.344	1.341		
		1.473	1.477	1.455	1.481	1.415	1.297	1.202	1.173	1.109	1.27	1.196	1.144		
		1.423	1.427	1.345	1.202	1.212	1.152	1.041	1.094	1.094	1.117	1.124	1.112		
		1.132	1.178	1.09	1.227	1.189	1.132	1.135	1.058	1.087	1.132	1.089	1.122		
		0.03	0.031	0.031	0.031	0.031	0.032	0.035	0.03	0.031	0.032	0.032	0.032		
		
390	21.40	0.508	0.536	0.544	0.71	0.715	0.695	0.849	0.953	0.888	0.932	1.038	1.068		
		0.955	1.079	1.061	1.066	1.067	1.07	1.045	0.943	1.01	0.982	1.101	1.093		
		1.083	1.127	1.096	1.112	1.121	1.045	1.057	1.057	0.997	1.032	1.073	1.093		
		1.078	1.128	1.073	1.135	1.202	1.376	1.305	1.28	1.297	1.316	1.372	1.366		
		1.465	1.48	1.473	1.477	1.428	1.326	1.26	1.243	1.186	1.307	1.254	1.197		
		1.416	1.44	1.375	1.277	1.3	1.244	1.126	1.192	1.198	1.207	1.219	1.203		
		1.212	1.268	1.176	1.303	1.285	1.229	1.235	1.168	1.192	1.226	1.191	1.225		
		0.028	0.029	0.028	0.028	0.028	0.029	0.033	0.028	0.028	0.029	0.029	0.029		
		
400	21.40	0.533	0.56	0.578	0.771	0.783	0.766	0.944	1.067	0.987	1.046	1.162	1.194		
		1.063	1.209	1.187	1.192	1.188	1.178	1.129	1.007	1.077	1.056	1.181	1.168		
		1.167	1.206	1.172	1.195	1.195	1.105	1.134	1.115	1.052	1.124	1.134	1.159		
		1.159	1.207	1.147	1.17	1.179	1.284	1.214	1.223	1.235	1.239	1.302	1.293		
		1.352	1.38	1.387	1.369	1.335	1.259	1.231	1.228	1.182	1.252	1.227	1.169		
		1.308	1.351	1.306	1.263	1.299	1.248	1.134	1.208	1.218	1.215	1.229	1.212		
		1.21	1.272	1.182	1.292	1.293	1.243	1.249	1.2	1.218	1.235	1.212	1.244		
		0.028	0.028	0.028	0.028	0.027	0.028	0.032	0.027	0.027	0.028	0.028	0.028		
		
410	21.40	0.573	0.606	0.627	0.85	0.867	0.85	1.045	1.177	1.087	1.154	1.281	1.318		
		1.174	1.33	1.306	1.311	1.296	1.259	1.165	1.028	1.098	1.09	1.211	1.196		
		1.21	1.235	1.197	1.236	1.214	1.115	1.165	1.121	1.057	1.182	1.145	1.171		
		1.194	1.234	1.171	1.154	1.122	1.179	1.11	1.139	1.148	1.142	1.207	1.196		
		1.229	1.26	1.275	1.246	1.226	1.169	1.164	1.171	1.132	1.167	1.162	1.104		
		1.191	1.243	1.212	1.205	1.247	1.203	1.094	1.171	1.183	1.171	1.188	1.17		
		1.161	1.224	1.139	1.234	1.247	1.203	1.209	1.172	1.185	1.19	1.177	1.207		
		0.027	0.028	0.028	0.028	0.027	0.028	0.031	0.027	0.027	0.028	0.028	0.028		
		
420	21.40	0.608	0.651	0.676	0.937	0.953	0.935	1.132	1.258	1.162	1.238	1.37	1.409		
		1.262	1.42	1.389	1.395	1.363	1.296	1.151	1.003	1.066	1.073	1.184	1.166		
		1.201	1.205	1.165	1.221	1.175	1.071	1.143	1.074	1.016	1.192	1.101	1.128		
		1.174	1.201	1.139	1.095	1.051	1.088	1.027	1.053	1.061	1.054	1.117	1.104		
		1.132	1.162	1.177	1.149	1.131	1.079	1.08	1.088	1.054	1.08	1.078	1.027		
		1.098	1.146	1.12	1.12	1.16	1.12	1.022	1.093	1.105	1.091	1.106	1.091		
		1.082	1.142	1.061	1.147	1.161	1.121	1.127	1.097	1.107	1.111	1.098	1.125		
		0.026	0.028	0.027	0.027	0.027	0.028	0.031	0.026	0.026	0.027	0.027	0.027		
		
430	21.40	0.628	0.675	0.71	0.99	1.01	0.99	1.182	1.293	1.198	1.282	1.413	1.452		
		1.309	1.46	1.425	1.431	1.39	1.297	1.116	0.962	1.018	1.039	1.141	1.119		
		1.169	1.159	1.116	1.183	1.123	1.016	1.1	1.017	0.964	1.174	1.045	1.072		
		1.134	1.151	1.092	1.034	0.991	1.027	0.968	0.989	0.996	0.991	1.049	1.037		
		1.07	1.096	1.107	1.084	1.063	1.014	1.012	1.018	0.985	1.014	1.01	0.963		
		1.038	1.08	1.053	1.048	1.086	1.047	0.956	1.021	1.031	1.019	1.034	1.019		
		1.012	1.067	0.992	1.075	1.086	1.047	1.054	1.022	1.034	1.038	1.025	1.052		
		0.026	0.027	0.027	0.027	0.026	0.027	0.031	0.026	0.026	0.027	0.027	0.027		
		
440	21.40	0.642	0.69	0.739	1.045	1.064	1.041	1.21	1.299	1.206	1.298	1.423	1.458		
		1.33	1.465	1.425	1.431	1.382	1.272	1.071	0.914	0.97	0.996	1.087	1.066		
		1.124	1.103	1.062	1.135	1.066	0.963	1.051	0.964	0.91	1.14	0.992	1.015		
		1.086	1.095	1.037	0.98	0.947	0.989	0.93	0.946	0.954	0.952	1.003	0.993		
		1.032	1.053	1.06	1.043	1.02	0.971	0.961	0.965	0.932	0.969	0.959	0.912		
		1.004	1.035	1.009	0.994	1.022	0.988	0.899	0.961	0.97	0.962	0.974	0.96		
		0.958	1.004	0.938	1.013	1.021	0.987	0.993	0.961	0.972	0.978	0.964	0.989		
		0.026	0.027	0.027	0.027	0.026	0.027	0.03	0.026	0.026	0.027	0.027	0.027		
		
450	21.40	0.643	0.693	0.751	1.08	1.092	1.066	1.207	1.261	1.18	1.268	1.387	1.424		
		1.312	1.422	1.379	1.384	1.331	1.22	1.022	0.871	0.923	0.953	1.036	1.016		
		1.074	1.052	1.015	1.083	1.019	0.919	1.005	0.919	0.867	1.091	0.944	0.969		
		1.036	1.043	0.992	0.939	0.92	0.978	0.921	0.927	0.936	0.938	0.986	0.975		
		1.025	1.043	1.045	1.035	1.007	0.953	0.934	0.935	0.9	0.949	0.932	0.886		
		0.998	1.025	0.99	0.962	0.99	0.951	0.866	0.923	0.93	0.926	0.937	0.924		
		0.924	0.972	0.903	0.983	0.986	0.948	0.954	0.919	0.931	0.941	0.925	0.949		
		0.026	0.027	0.026	0.026	0.026	0.027	0.03	0.026	0.026	0.027	0.026	0.026		
		
460	21.40	0.626	0.691	0.749	1.099	1.103	1.07	1.17	1.178	1.106	1.2	1.303	1.336		
		1.257	1.33	1.283	1.286	1.233	1.13	0.954	0.814	0.859	0.886	0.966	0.949		
		1	0.981	0.946	1.01	0.95	0.86	0.935	0.86	0.816	1.014	0.881	0.905		
		0.967	0.975	0.924	0.89	0.893	0.973	0.918	0.912	0.922	0.93	0.973	0.963		
		1.032	1.044	1.041	1.038	1.005	0.94	0.909	0.905	0.866	0.932	0.906	0.863		
		1	1.019	0.978	0.929	0.952	0.913	0.832	0.881	0.885	0.888	0.896	0.885		
		0.889	0.932	0.866	0.95	0.944	0.906	0.911	0.871	0.886	0.902	0.881	0.905		
		0.026	0.026	0.027	0.027	0.026	0.027	0.03	0.026	0.026	0.026	0.027	0.026		
		
470	21.40	0.609	0.664	0.738	1.105	1.095	1.056	1.101	1.057	0.997	1.096	1.174	1.204		
		1.166	1.189	1.137	1.141	1.085	0.996	0.85	0.73	0.774	0.794	0.867	0.852		
		0.894	0.882	0.852	0.903	0.854	0.779	0.836	0.78	0.738	0.897	0.8	0.82		
		0.867	0.879	0.832	0.823	0.857	0.97	0.918	0.895	0.906	0.923	0.958	0.951		
		1.04	1.046	1.035	1.044	1.001	0.926	0.877	0.866	0.823	0.913	0.873	0.834		
		1.006	1.014	0.964	0.889	0.904	0.864	0.783	0.827	0.829	0.838	0.844	0.834		
		0.845	0.883	0.818	0.907	0.891	0.852	0.857	0.809	0.827	0.851	0.825	0.848		
		0.026	0.027	0.026	0.026	0.026	0.027	0.03	0.026	0.026	0.027	0.027	0.026		
		
480	21.40	0.573	0.639	0.721	1.097	1.076	1.026	1.003	0.895	0.847	0.957	1.005	1.03		
		1.039	1.003	0.945	0.946	0.889	0.821	0.721	0.626	0.666	0.674	0.738	0.728		
		0.756	0.755	0.729	0.764	0.737	0.676	0.714	0.68	0.644	0.751	0.694	0.709		
		0.737	0.751	0.713	0.74	0.819	0.979	0.931	0.884	0.898	0.926	0.952	0.947		
		1.063	1.06	1.037	1.062	1.01	0.92	0.845	0.824	0.775	0.899	0.839	0.805		
		1.028	1.02	0.956	0.843	0.847	0.804	0.727	0.761	0.76	0.78	0.782	0.774		
		0.794	0.823	0.763	0.859	0.829	0.787	0.791	0.733	0.755	0.791	0.757	0.78		
		0.026	0.027	0.027	0.027	0.026	0.027	0.03	0.026	0.026	0.027	0.027	0.027		
		
490	21.40	0.563	0.617	0.705	1.086	1.059	0.998	0.92	0.751	0.725	0.832	0.859	0.873		
		0.926	0.844	0.776	0.774	0.72	0.67	0.608	0.537	0.573	0.574	0.629	0.622		
		0.636	0.646	0.626	0.646	0.636	0.593	0.608	0.599	0.569	0.623	0.606	0.618		
		0.626	0.644	0.612	0.68	0.809	1.024	0.978	0.906	0.924	0.965	0.979	0.976		
		1.126	1.112	1.078	1.122	1.056	0.944	0.841	0.809	0.752	0.918	0.835	0.804		
		1.087	1.062	0.982	0.826	0.818	0.772	0.695	0.719	0.713	0.745	0.744	0.739		
		0.768	0.791	0.732	0.839	0.792	0.746	0.75	0.677	0.705	0.756	0.711	0.734		
		0.026	0.026	0.026	0.026	0.026	0.026	0.029	0.025	0.025	0.026	0.026	0.026		
		
500	21.50	0.541	0.589	0.686	1.069	1.035	0.966	0.826	0.607	0.595	0.704	0.705	0.715		
		0.807	0.678	0.606	0.606	0.549	0.521	0.505	0.458	0.491	0.48	0.531	0.527		
		0.526	0.548	0.534	0.537	0.547	0.522	0.509	0.532	0.506	0.5	0.533	0.54		
		0.525	0.548	0.523	0.642	0.839	1.14	1.096	0.981	1.003	1.063	1.069	1.07		
		1.271	1.244	1.194	1.263	1.173	1.032	0.882	0.833	0.762	0.99	0.873	0.844		
		1.226	1.177	1.073	0.848	0.825	0.771	0.693	0.707	0.696	0.744	0.739	0.736		
		0.774	0.79	0.732	0.856	0.786	0.736	0.737	0.646	0.681	0.75	0.693	0.719		
		0.025	0.026	0.026	0.026	0.026	0.026	0.029	0.025	0.025	0.026	0.026	0.026		
		
510	21.50	0.519	0.564	0.669	1.05	1.014	0.937	0.756	0.494	0.492	0.608	0.59	0.596		
		0.717	0.549	0.477	0.471	0.414	0.411	0.441	0.415	0.448	0.422	0.473	0.474		
		0.454	0.491	0.484	0.468	0.501	0.492	0.453	0.508	0.485	0.415	0.501	0.505		
		0.464	0.496	0.474	0.657	0.945	1.359	1.306	1.142	1.173	1.257	1.254	1.257		
		1.526	1.485	1.414	1.512	1.396	1.208	0.999	0.929	0.837	1.149	0.99	0.958		
		1.47	1.395	1.256	0.942	0.902	0.836	0.746	0.752	0.734	0.801	0.791	0.789		
		0.847	0.858	0.789	0.95	0.85	0.783	0.788	0.666	0.713	0.809	0.732	0.758		
		0.025	0.026	0.026	0.026	0.026	0.026	0.03	0.026	0.025	0.026	0.026	0.026		
		
520	21.50	0.512	0.545	0.65	1.028	0.987	0.906	0.704	0.416	0.422	0.535	0.504	0.509		
		0.645	0.458	0.386	0.38	0.325	0.346	0.421	0.414	0.448	0.406	0.464	0.468		
		0.429	0.484	0.481	0.447	0.504	0.509	0.442	0.53	0.507	0.374	0.517	0.517		
		0.45	0.492	0.472	0.724	1.108	1.654	1.595	1.376	1.413	1.529	1.514	1.521		
		1.866	1.807	1.715	1.849	1.692	1.458	1.182	1.09	0.973	1.379	1.168	1.137		
		1.796	1.693	1.515	1.099	1.043	0.96	0.851	0.85	0.828	0.918	0.904	0.903		
		0.978	0.986	0.906	1.108	0.974	0.892	0.896	0.739	0.8	0.928	0.823	0.858		
		0.026	0.026	0.026	0.026	0.026	0.026	0.03	0.026	0.026	0.026	0.026	0.027		
		
530	21.50	0.494	0.526	0.63	0.991	0.949	0.866	0.646	0.352	0.363	0.472	0.436	0.439		
		0.581	0.387	0.317	0.312	0.267	0.316	0.438	0.443	0.486	0.425	0.494	0.502		
		0.441	0.519	0.518	0.467	0.547	0.565	0.469	0.593	0.569	0.368	0.573	0.571		
		0.475	0.53	0.509	0.843	1.342	2.043	1.973	1.689	1.737	1.877	1.858	1.866		
		2.306	2.234	2.109	2.283	2.09	1.789	1.436	1.314	1.168	1.693	1.419	1.378		
		2.217	2.091	1.861	1.325	1.251	1.148	1.015	1.01	0.977	1.093	1.074	1.075		
		1.168	1.176	1.08	1.331	1.16	1.057	1.062	0.862	0.939	1.104	0.973	1.015		
		0.026	0.026	0.026	0.027	0.026	0.027	0.03	0.026	0.025	0.026	0.026	0.026		
		
540	21.50	0.48	0.505	0.614	0.941	0.894	0.814	0.588	0.306	0.317	0.417	0.379	0.381		
		0.521	0.335	0.271	0.266	0.235	0.32	0.495	0.514	0.565	0.481	0.566	0.576		
		0.494	0.595	0.597	0.525	0.635	0.667	0.536	0.707	0.676	0.398	0.676	0.67		
		0.538	0.61	0.587	1.032	1.71	2.621	2.533	2.17	2.229	2.413	2.379	2.394		
		2.965	2.869	2.704	2.929	2.675	2.295	1.833	1.665	1.473	2.164	1.804	1.752		
		2.853	2.673	2.386	1.673	1.576	1.437	1.262	1.252	1.204	1.365	1.341	1.341		
		1.465	1.47	1.348	1.678	1.45	1.318	1.324	1.049	1.165	1.373	1.2	1.252		
		0.026	0.027	0.027	0.027	0.027	0.027	0.03	0.026	0.026	0.027	0.027	0.027		
		
550	21.50	0.458	0.491	0.601	0.904	0.861	0.775	0.554	0.281	0.292	0.385	0.348	0.35		
		0.485	0.307	0.25	0.245	0.227	0.341	0.567	0.593	0.654	0.55	0.65	0.664		
		0.56	0.685	0.688	0.599	0.732	0.776	0.615	0.822	0.79	0.443	0.787	0.779		
		0.614	0.704	0.679	1.225	2.053	3.134	3.043	2.611	2.684	2.892	2.861	2.868		
		3.501	3.379	3.232	3.44	3.194	2.76	2.198	2.005	1.763	2.602	2.169	2.108		
		3.39	3.194	2.863	2.009	1.881	1.72	1.51	1.493	1.437	1.634	1.604	1.602		
		1.752	1.758	1.611	2.013	1.729	1.571	1.579	1.248	1.372	1.647	1.43	1.495		
		0.026	0.026	0.026	0.027	0.026	0.027	0.03	0.026	0.026	0.027	0.026	0.027		
		
560	21.50	0.444	0.472	0.586	0.851	0.805	0.719	0.504	0.253	0.262	0.343	0.31	0.313		
		0.435	0.275	0.229	0.225	0.226	0.38	0.659	0.692	0.763	0.64	0.757	0.775		
		0.65	0.798	0.801	0.697	0.857	0.901	0.72	0.951	0.91	0.509	0.913	0.905		
		0.715	0.821	0.791	1.354	2.143	3.074	2.995	2.663	2.719	2.89	2.876	2.881		
		3.282	3.239	3.144	3.263	3.124	2.791	2.299	2.118	1.891	2.656	2.268	2.204		
		3.231	3.128	2.884	2.125	2.018	1.86	1.64	1.638	1.587	1.771	1.745	1.741		
		1.874	1.894	1.74	2.137	1.875	1.716	1.724	1.403	1.524	1.786	1.577	1.644		
		0.026	0.027	0.027	0.027	0.027	0.027	0.03	0.026	0.026	0.027	0.027	0.027		
		
570	21.50	0.397	0.449	0.566	0.763	0.709	0.621	0.414	0.203	0.211	0.268	0.25	0.254		
		0.353	0.223	0.194	0.193	0.224	0.427	0.767	0.803	0.884	0.746	0.884	0.902		
		0.754	0.93	0.932	0.811	0.991	1.017	0.84	1.062	1.01	0.587	1.037	1.034		
		0.835	0.955	0.917	1.363	1.886	2.597	2.499	2.27	2.318	2.437	2.457	2.458		
		2.828	2.786	2.699	2.831	2.66	2.378	2.044	1.93	1.768	2.279	2.015	1.953		
		2.717	2.654	2.436	1.942	1.901	1.782	1.586	1.625	1.6	1.71	1.702	1.691		
		1.761	1.809	1.67	1.967	1.812	1.691	1.699	1.478	1.56	1.728	1.591	1.648		
		0.026	0.026	0.027	0.027	0.026	0.027	0.03	0.026	0.026	0.027	0.027	0.027		
		
580	21.50	0.374	0.428	0.554	0.672	0.605	0.515	0.324	0.154	0.156	0.191	0.188	0.192		
		0.268	0.173	0.163	0.164	0.228	0.476	0.873	0.913	1.008	0.845	1.011	1.029		
		0.856	1.058	1.062	0.921	1.124	1.136	0.956	1.174	1.113	0.665	1.156	1.162		
		0.946	1.085	1.044	1.384	1.661	2.077	1.996	1.905	1.938	1.989	2.049	2.032		
		2.234	2.242	2.208	2.252	2.158	1.979	1.822	1.768	1.666	1.929	1.804	1.733		
		2.145	2.16	2.047	1.799	1.811	1.724	1.552	1.627	1.625	1.668	1.676	1.657		
		1.676	1.746	1.62	1.83	1.767	1.68	1.687	1.557	1.604	1.689	1.616	1.663		
		0.026	0.026	0.026	0.027	0.026	0.026	0.03	0.026	0.026	0.026	0.027	0.027		
		
590	21.50	0.337	0.415	0.541	0.595	0.523	0.432	0.254	0.12	0.118	0.134	0.142	0.148		
		0.204	0.139	0.145	0.147	0.24	0.537	0.997	1.042	1.147	0.967	1.156	1.175		
		0.977	1.211	1.212	1.052	1.283	1.281	1.094	1.322	1.249	0.757	1.306	1.316		
		1.08	1.242	1.191	1.483	1.609	1.846	1.763	1.769	1.788	1.797	1.884	1.867		
		1.944	1.984	1.998	1.968	1.932	1.826	1.775	1.762	1.693	1.807	1.76	1.686		
		1.87	1.947	1.885	1.805	1.853	1.784	1.615	1.719	1.732	1.734	1.755	1.73		
		1.713	1.803	1.678	1.842	1.837	1.769	1.775	1.697	1.723	1.76	1.722	1.767		
		0.026	0.027	0.026	0.026	0.026	0.027	0.03	0.026	0.026	0.026	0.027	0.027		
		
600	21.50	0.319	0.401	0.524	0.536	0.467	0.381	0.215	0.108	0.102	0.106	0.12	0.127		
		0.167	0.127	0.143	0.147	0.26	0.602	1.128	1.174	1.293	1.092	1.303	1.327		
		1.1	1.362	1.364	1.186	1.444	1.435	1.234	1.474	1.395	0.849	1.464	1.477		
		1.218	1.398	1.341	1.62	1.683	1.846	1.761	1.81	1.824	1.815	1.919	1.898		
		1.923	1.982	2.016	1.955	1.94	1.862	1.858	1.859	1.805	1.856	1.844	1.761		
		1.85	1.96	1.923	1.908	1.977	1.912	1.737	1.858	1.878	1.863	1.889	1.858		
		1.826	1.932	1.8	1.953	1.974	1.91	1.915	1.855	1.874	1.889	1.867	1.913		
		0.025	0.026	0.026	0.026	0.026	0.026	0.029	0.026	0.026	0.026	0.026	0.026		
		
610	21.50	0.307	0.383	0.494	0.481	0.42	0.341	0.188	0.106	0.098	0.096	0.112	0.12		
		0.146	0.125	0.147	0.152	0.279	0.656	1.231	1.278	1.408	1.19	1.421	1.446		
		1.2	1.486	1.487	1.295	1.571	1.556	1.348	1.595	1.506	0.928	1.588	1.602		
		1.325	1.522	1.46	1.73	1.762	1.9	1.809	1.874	1.888	1.869	1.983	1.958		
		1.965	2.03	2.075	2.003	1.996	1.924	1.937	1.947	1.892	1.923	1.923	1.835		
		1.889	2.014	1.984	1.996	2.074	2.01	1.826	1.959	1.982	1.958	1.987	1.954		
		1.913	2.027	1.891	2.044	2.073	2.01	2.017	1.961	1.977	1.987	1.97	2.016		
		0.026	0.027	0.026	0.027	0.026	0.027	0.03	0.026	0.026	0.027	0.027	0.026		
		
620	21.50	0.281	0.36	0.457	0.426	0.375	0.303	0.171	0.107	0.097	0.092	0.11	0.117		
		0.133	0.125	0.15	0.156	0.285	0.675	1.266	1.312	1.447	1.223	1.461	1.482		
		1.23	1.521	1.52	1.329	1.605	1.583	1.387	1.625	1.531	0.956	1.618	1.632		
		1.358	1.556	1.493	1.738	1.75	1.869	1.775	1.846	1.859	1.836	1.95	1.925		
		1.923	1.989	2.037	1.965	1.957	1.892	1.91	1.922	1.871	1.891	1.897	1.809		
		1.848	1.974	1.949	1.969	2.048	1.986	1.806	1.938	1.961	1.935	1.965	1.932		
		1.885	1.999	1.866	2.015	2.048	1.987	1.992	1.941	1.956	1.962	1.947	1.991		
		0.026	0.027	0.026	0.027	0.027	0.027	0.03	0.026	0.026	0.026	0.027	0.027		
		
630	21.50	0.262	0.338	0.424	0.38	0.337	0.273	0.153	0.099	0.089	0.083	0.1	0.107		
		0.118	0.115	0.14	0.145	0.268	0.631	1.178	1.214	1.341	1.135	1.354	1.375		
		1.14	1.407	1.404	1.231	1.484	1.455	1.287	1.497	1.408	0.891	1.493	1.508		
		1.255	1.436	1.38	1.583	1.582	1.68	1.593	1.657	1.671	1.652	1.754	1.73		
		1.719	1.781	1.822	1.762	1.757	1.698	1.718	1.728	1.683	1.697	1.704	1.624		
		1.649	1.765	1.742	1.765	1.837	1.783	1.619	1.739	1.759	1.727	1.766	1.735		
		1.685	1.79	1.672	1.804	1.838	1.783	1.786	1.742	1.756	1.762	1.748	1.777		
		0.025	0.026	0.026	0.026	0.025	0.026	0.029	0.025	0.025	0.026	0.026	0.026		
		
640	21.50	0.259	0.32	0.395	0.345	0.308	0.247	0.138	0.088	0.08	0.074	0.089	0.094		
		0.104	0.1	0.12	0.126	0.225	0.523	0.964	0.99	1.091	0.925	1.108	1.118		
		0.93	1.144	1.14	1.006	1.208	1.184	1.052	1.216	1.141	0.735	1.211	1.222		
		1.014	1.164	1.122	1.269	1.259	1.336	1.265	1.315	1.33	1.308	1.393	1.366		
		1.365	1.411	1.448	1.4	1.393	1.349	1.362	1.374	1.335	1.352	1.354	1.291		
		1.301	1.398	1.384	1.394	1.46	1.413	1.278	1.377	1.398	1.375	1.4	1.375		
		1.33	1.42	1.321	1.431	1.456	1.411	1.416	1.38	1.392	1.395	1.385	1.417		
		0.025	0.025	0.025	0.026	0.025	0.025	0.028	0.025	0.025	0.025	0.026	0.026		
		
650	21.60	0.236	0.304	0.37	0.315	0.283	0.228	0.124	0.076	0.068	0.064	0.074	0.08		
		0.091	0.082	0.095	0.098	0.171	0.385	0.704	0.718	0.791	0.679	0.8	0.807		
		0.675	0.823	0.819	0.723	0.866	0.849	0.763	0.875	0.821	0.537	0.874	0.883		
		0.734	0.84	0.808	0.905	0.897	0.949	0.892	0.933	0.941	0.926	0.987	0.974		
		0.962	0.995	1.025	0.988	0.988	0.954	0.965	0.971	0.948	0.95	0.96	0.912		
		0.92	0.988	0.973	0.982	1.024	0.995	0.904	0.973	0.987	0.973	0.984	0.969		
		0.938	0.999	0.932	1.007	1.025	0.997	0.989	0.975	0.981	0.987	0.975	1.001		
		0.026	0.026	0.026	0.026	0.026	0.026	0.029	0.026	0.026	0.026	0.027	0.026		
		
660	21.60	0.216	0.296	0.348	0.291	0.262	0.21	0.11	0.06	0.057	0.055	0.061	0.064		
		0.08	0.065	0.072	0.074	0.118	0.252	0.447	0.46	0.508	0.433	0.512	0.515		
		0.432	0.528	0.523	0.465	0.552	0.541	0.489	0.557	0.523	0.347	0.556	0.562		
		0.468	0.537	0.513	0.573	0.565	0.596	0.564	0.588	0.591	0.582	0.62	0.611		
		0.604	0.625	0.645	0.622	0.62	0.602	0.605	0.611	0.594	0.6	0.601	0.575		
		0.575	0.619	0.615	0.619	0.643	0.627	0.568	0.611	0.62	0.609	0.622	0.61		
		0.587	0.626	0.584	0.631	0.644	0.627	0.624	0.612	0.616	0.618	0.614	0.627		
		0.025	0.026	0.025	0.026	0.026	0.026	0.028	0.025	0.026	0.025	0.026	0.026		
		
670	21.60	0.211	0.28	0.332	0.273	0.246	0.196	0.104	0.051	0.049	0.048	0.052	0.054		
		0.071	0.053	0.056	0.057	0.083	0.163	0.279	0.284	0.31	0.27	0.315	0.319		
		0.267	0.323	0.321	0.286	0.339	0.332	0.301	0.34	0.321	0.217	0.339	0.344		
		0.288	0.327	0.315	0.348	0.345	0.363	0.342	0.358	0.36	0.354	0.375	0.369		
		0.366	0.374	0.387	0.376	0.375	0.364	0.366	0.371	0.362	0.365	0.364	0.349		
		0.349	0.373	0.372	0.372	0.389	0.38	0.345	0.37	0.375	0.369	0.376	0.37		
		0.356	0.379	0.355	0.382	0.389	0.378	0.381	0.37	0.373	0.375	0.369	0.38		
		0.025	0.025	0.025	0.026	0.025	0.025	0.028	0.025	0.025	0.025	0.026	0.026		
		
680	21.60	0.211	0.268	0.316	0.256	0.233	0.185	0.096	0.045	0.044	0.044	0.046	0.047		
		0.065	0.044	0.045	0.046	0.059	0.098	0.16	0.163	0.178	0.156	0.18	0.181		
		0.152	0.184	0.183	0.165	0.194	0.188	0.172	0.194	0.182	0.127	0.192	0.195		
		0.166	0.186	0.179	0.197	0.195	0.202	0.193	0.202	0.201	0.199	0.211	0.208		
		0.206	0.212	0.217	0.212	0.21	0.205	0.206	0.209	0.203	0.204	0.206	0.197		
		0.197	0.21	0.208	0.21	0.218	0.212	0.195	0.207	0.21	0.208	0.21	0.208		
		0.2	0.212	0.201	0.215	0.217	0.21	0.212	0.208	0.209	0.21	0.209	0.213		
		0.025	0.026	0.025	0.026	0.026	0.025	0.029	0.025	0.025	0.026	0.025	0.026		
		
690	21.60	0.215	0.259	0.304	0.243	0.221	0.176	0.091	0.041	0.041	0.041	0.042	0.043		
		0.061	0.04	0.04	0.041	0.047	0.068	0.102	0.103	0.111	0.101	0.113	0.113		
		0.099	0.115	0.114	0.105	0.121	0.117	0.108	0.119	0.113	0.084	0.119	0.121		
		0.104	0.114	0.111	0.12	0.119	0.124	0.118	0.123	0.123	0.122	0.128	0.128		
		0.126	0.129	0.132	0.128	0.128	0.126	0.126	0.128	0.124	0.125	0.126	0.122		
		0.121	0.128	0.128	0.128	0.132	0.13	0.121	0.126	0.128	0.127	0.129	0.127		
		0.124	0.13	0.123	0.131	0.132	0.13	0.13	0.127	0.128	0.128	0.128	0.13		
		0.025	0.025	0.025	0.026	0.025	0.025	0.028	0.025	0.024	0.025	0.025	0.025		
		
700	21.60	0.201	0.258	0.291	0.231	0.212	0.165	0.086	0.039	0.04	0.04	0.04	0.041		
		0.058	0.038	0.037	0.037	0.041	0.05	0.066	0.066	0.07	0.066	0.071	0.071		
		0.064	0.071	0.071	0.067	0.077	0.073	0.069	0.074	0.071	0.058	0.074	0.075		
		0.067	0.072	0.07	0.075	0.074	0.077	0.074	0.075	0.077	0.076	0.079	0.078		
		0.078	0.079	0.081	0.079	0.08	0.079	0.078	0.08	0.076	0.078	0.078	0.076		
		0.075	0.078	0.079	0.079	0.081	0.08	0.075	0.078	0.08	0.078	0.079	0.079		
		0.077	0.08	0.077	0.081	0.082	0.079	0.08	0.079	0.08	0.079	0.079	0.081		
		0.025	0.025	0.025	0.026	0.025	0.025	0.028	0.025	0.025	0.025	0.025	0.026		
		
710	21.60	0.181	0.249	0.28	0.221	0.203	0.16	0.084	0.041	0.041	0.042	0.041	0.042		
		0.058	0.037	0.037	0.036	0.039	0.044	0.052	0.052	0.054	0.053	0.055	0.054		
		0.051	0.053	0.055	0.053	0.058	0.055	0.053	0.055	0.054	0.047	0.056	0.056		
		0.052	0.054	0.054	0.056	0.055	0.057	0.055	0.056	0.056	0.057	0.058	0.058		
		0.058	0.058	0.059	0.058	0.059	0.059	0.058	0.059	0.058	0.058	0.058	0.057		
		0.057	0.059	0.059	0.06	0.061	0.06	0.055	0.059	0.059	0.059	0.06	0.059		
		0.058	0.06	0.058	0.06	0.06	0.06	0.06	0.059	0.06	0.06	0.059	0.06		
		0.027	0.027	0.027	0.028	0.028	0.028	0.03	0.028	0.028	0.027	0.027	0.028		
		
720	21.60	0.166	0.236	0.271	0.211	0.194	0.154	0.083	0.041	0.04	0.042	0.041	0.042		
		0.058	0.037	0.035	0.038	0.036	0.038	0.045	0.045	0.046	0.047	0.046	0.046		
		0.043	0.046	0.045	0.044	0.05	0.047	0.044	0.045	0.046	0.041	0.047	0.046		
		0.042	0.044	0.043	0.047	0.045	0.047	0.044	0.047	0.047	0.047	0.046	0.048		
		0.048	0.048	0.049	0.048	0.048	0.049	0.048	0.049	0.048	0.048	0.049	0.047		
		0.046	0.047	0.049	0.048	0.049	0.048	0.046	0.047	0.048	0.049	0.048	0.048		
		0.049	0.051	0.05	0.049	0.05	0.051	0.051	0.05	0.05	0.051	0.05	0.051		
		0.028	0.028	0.028	0.028	0.028	0.028	0.031	0.028	0.028	0.028	0.028	0.029		
		
730	21.60	0.173	0.228	0.261	0.203	0.188	0.149	0.081	0.041	0.04	0.042	0.041	0.042		
		0.056	0.038	0.038	0.038	0.038	0.039	0.041	0.041	0.041	0.043	0.042	0.041		
		0.041	0.043	0.042	0.041	0.045	0.043	0.041	0.04	0.041	0.04	0.042	0.042		
		0.041	0.041	0.041	0.043	0.042	0.042	0.042	0.042	0.042	0.043	0.043	0.043		
		0.044	0.044	0.044	0.044	0.044	0.044	0.044	0.044	0.044	0.043	0.044	0.043		
		0.044	0.044	0.044	0.046	0.046	0.045	0.045	0.045	0.045	0.045	0.046	0.045		
		0.045	0.046	0.045	0.046	0.046	0.045	0.045	0.045	0.046	0.046	0.046	0.046		
		0.028	0.028	0.028	0.029	0.028	0.028	0.031	0.028	0.028	0.028	0.028	0.028		
		
740	21.60	0.169	0.221	0.251	0.194	0.18	0.142	0.077	0.039	0.039	0.04	0.039	0.04		
		0.055	0.037	0.037	0.037	0.037	0.037	0.038	0.038	0.038	0.04	0.039	0.038		
		0.041	0.042	0.041	0.041	0.044	0.042	0.04	0.04	0.04	0.04	0.041	0.042		
		0.039	0.038	0.038	0.039	0.04	0.039	0.039	0.039	0.04	0.04	0.04	0.041		
		0.041	0.041	0.042	0.041	0.042	0.042	0.041	0.042	0.041	0.041	0.042	0.041		
		0.041	0.041	0.041	0.043	0.044	0.043	0.042	0.042	0.043	0.043	0.043	0.043		
		0.043	0.043	0.043	0.043	0.044	0.043	0.043	0.043	0.043	0.043	0.043	0.044		
		0.027	0.027	0.027	0.027	0.027	0.027	0.03	0.026	0.027	0.027	0.027	0.027		
		
750	21.60	0.159	0.218	0.243	0.187	0.173	0.137	0.074	0.039	0.039	0.04	0.039	0.04		
		0.054	0.038	0.037	0.037	0.037	0.037	0.037	0.037	0.038	0.039	0.038	0.038		
		0.038	0.039	0.039	0.038	0.041	0.038	0.037	0.038	0.038	0.037	0.038	0.038		
		0.037	0.037	0.037	0.038	0.038	0.038	0.037	0.037	0.038	0.038	0.038	0.038		
		0.04	0.04	0.04	0.04	0.04	0.04	0.04	0.04	0.04	0.04	0.04	0.04		
		0.04	0.04	0.04	0.042	0.042	0.042	0.041	0.041	0.042	0.042	0.042	0.042		
		0.042	0.043	0.042	0.043	0.043	0.042	0.042	0.042	0.043	0.043	0.043	0.043		
		0.027	0.027	0.027	0.027	0.026	0.027	0.03	0.027	0.027	0.027	0.028	0.027		
		
~End
Copyright © 2004 Molecular Devices. All rights reserved.
