##BLOCKS= 2          
Plate:	Plate#1	1.3	PlateFormat	Spectrum	Absorbance	Raw	FALSE	41			350	750	10			1	12	96	1	8	None	
Wavelength(nm)	Temperature(¡C)	1	2	3	4	5	6	7	8	9	10	11	12		
350	21.50	0.614	0.465	0.457	0.216	0.557	0.503	0.458	0.334	0.19	0.661	0.69	0.517		
		0.823	0.526	0.506	0.256	0.48	0.59	0.44	0.322	0.244	0.674	0.78	0.498		
		0.886	0.476	0.589	0.554	0.693	0.793	0.435	0.379	0.32	0.626	0.734	0.557		
		0.81	0.52	0.65	0.469	0.573	0.662	0.392	0.314	0.319	0.695	0.737	0.525		
		0.729	0.501	0.565	0.472	0.584	0.663	0.42	0.383	0.292	0.626	0.598	0.506		
		0.74	0.489	0.571	0.557	0.822	1.006	0.472	0.373	0.302	0.72	0.619	0.466		
		0.924	0.518	0.707	0.652	0.632	0.865	0.497	0.421	0.385	0.749	0.817	0.641		
		0.067	0.062	0.061	0.068	0.066	0.058	0.061	0.067	0.071	0.067	0.067	0.076		
		
360	21.50	0.65	0.432	0.465	0.2	0.493	0.448	0.421	0.309	0.178	0.599	0.634	0.48		
		0.765	0.494	0.483	0.243	0.448	0.553	0.456	0.34	0.244	0.673	0.762	0.483		
		0.871	0.471	0.605	0.555	0.702	0.805	0.455	0.405	0.322	0.69	0.816	0.609		
		0.885	0.559	0.718	0.521	0.665	0.779	0.439	0.351	0.342	0.779	0.825	0.58		
		0.852	0.566	0.659	0.554	0.697	0.799	0.501	0.456	0.336	0.753	0.714	0.598		
		0.878	0.564	0.674	0.681	1.044	1.283	0.583	0.441	0.348	0.884	0.746	0.562		
		1.17	0.627	0.894	0.814	0.778	1.079	0.608	0.508	0.465	0.934	1.025	0.787		
		0.057	0.052	0.052	0.058	0.055	0.05	0.052	0.057	0.06	0.056	0.057	0.065		
		
370	21.50	0.583	0.392	0.36	0.189	0.461	0.394	0.406	0.3	0.17	0.571	0.611	0.477		
		0.744	0.463	0.458	0.238	0.435	0.515	0.488	0.366	0.251	0.706	0.783	0.488		
		0.873	0.485	0.635	0.569	0.723	0.845	0.491	0.436	0.329	0.774	0.921	0.678		
		0.992	0.617	0.809	0.587	0.77	0.911	0.496	0.393	0.372	0.886	0.935	0.65		
		0.993	0.646	0.765	0.642	0.82	0.946	0.587	0.531	0.382	0.888	0.837	0.696		
		1.032	0.652	0.788	0.806	1.252	1.538	0.688	0.513	0.397	1.052	0.878	0.656		
		1.403	0.738	1.069	0.967	0.923	1.289	0.715	0.593	0.541	1.109	1.217	0.926		
		0.044	0.043	0.042	0.045	0.044	0.041	0.042	0.044	0.047	0.044	0.045	0.048		
		
380	21.50	0.539	0.37	0.329	0.189	0.482	0.415	0.416	0.308	0.171	0.582	0.625	0.478		
		0.755	0.467	0.468	0.244	0.476	0.521	0.545	0.407	0.268	0.743	0.825	0.515		
		0.908	0.52	0.698	0.612	0.776	0.93	0.551	0.492	0.352	0.886	1.062	0.775		
		1.14	0.699	0.93	0.673	0.894	1.064	0.572	0.445	0.416	1.024	1.079	0.742		
		1.156	0.746	0.887	0.743	0.955	1.106	0.675	0.61	0.433	1.033	0.971	0.803		
		1.204	0.753	0.915	0.92	1.41	1.727	0.773	0.591	0.448	1.211	1.02	0.743		
		1.587	0.85	1.193	1.081	1.04	1.474	0.812	0.672	0.603	1.253	1.374	1.045		
		0.032	0.032	0.032	0.032	0.032	0.031	0.032	0.032	0.034	0.032	0.032	0.032		
		
390	21.50	0.518	0.349	0.321	0.205	0.543	0.443	0.432	0.33	0.186	0.624	0.665	0.508		
		0.822	0.525	0.512	0.27	0.509	0.588	0.626	0.468	0.302	0.825	0.893	0.571		
		1.022	0.584	0.798	0.686	0.873	1.064	0.633	0.568	0.396	1.031	1.242	0.901		
		1.331	0.813	1.082	0.782	1.03	1.226	0.658	0.51	0.478	1.193	1.256	0.863		
		1.337	0.866	1.02	0.849	1.091	1.26	0.756	0.683	0.488	1.171	1.103	0.913		
		1.385	0.864	1.047	0.994	1.426	1.731	0.8	0.659	0.499	1.336	1.148	0.8		
		1.613	0.935	1.194	1.088	1.077	1.563	0.866	0.714	0.613	1.299	1.415	1.096		
		0.028	0.029	0.029	0.028	0.029	0.028	0.029	0.029	0.03	0.028	0.029	0.028		
		
400	21.50	0.541	0.356	0.341	0.225	0.572	0.458	0.466	0.361	0.204	0.666	0.72	0.562		
		0.876	0.565	0.564	0.298	0.528	0.639	0.694	0.521	0.334	0.92	0.972	0.632		
		1.124	0.647	0.884	0.758	0.973	1.187	0.702	0.633	0.435	1.147	1.383	1.005		
		1.486	0.907	1.204	0.863	1.12	1.32	0.723	0.555	0.528	1.32	1.391	0.956		
		1.452	0.949	1.102	0.911	1.165	1.339	0.792	0.715	0.519	1.236	1.171	0.971		
		1.492	0.936	1.125	1.003	1.338	1.609	0.779	0.691	0.524	1.371	1.208	0.807		
		1.525	0.961	1.108	1.021	1.04	1.54	0.861	0.714	0.584	1.256	1.356	1.071		
		0.027	0.028	0.028	0.027	0.028	0.027	0.028	0.029	0.029	0.028	0.028	0.027		
		
410	21.50	0.547	0.39	0.392	0.251	0.595	0.512	0.512	0.399	0.227	0.729	0.777	0.609		
		0.942	0.616	0.63	0.332	0.589	0.703	0.764	0.572	0.369	0.998	1.067	0.693		
		1.245	0.717	0.973	0.832	1.074	1.296	0.771	0.695	0.478	1.249	1.504	1.101		
		1.635	0.999	1.315	0.934	1.175	1.37	0.772	0.59	0.579	1.431	1.508	1.043		
		1.522	1.012	1.147	0.936	1.189	1.355	0.795	0.714	0.528	1.244	1.185	0.986		
		1.542	0.979	1.156	0.975	1.232	1.47	0.735	0.69	0.525	1.349	1.212	0.787		
		1.407	0.946	1.015	0.939	0.975	1.466	0.828	0.683	0.544	1.179	1.267	1.015		
		0.027	0.028	0.027	0.027	0.027	0.027	0.027	0.028	0.029	0.027	0.027	0.027		
		
420	21.50	0.561	0.442	0.421	0.274	0.625	0.56	0.569	0.435	0.247	0.8	0.85	0.667		
		1.036	0.667	0.676	0.362	0.656	0.75	0.819	0.613	0.395	1.09	1.144	0.749		
		1.356	0.78	1.049	0.899	1.161	1.387	0.824	0.743	0.514	1.318	1.585	1.167		
		1.74	1.067	1.389	0.979	1.182	1.359	0.795	0.605	0.614	1.496	1.576	1.095		
		1.529	1.041	1.144	0.922	1.157	1.306	0.76	0.683	0.513	1.194	1.143	0.958		
		1.521	0.985	1.136	0.922	1.141	1.352	0.686	0.659	0.504	1.278	1.16	0.743		
		1.305	0.901	0.94	0.868	0.907	1.358	0.77	0.637	0.502	1.093	1.172	0.945		
		0.027	0.028	0.027	0.027	0.027	0.026	0.027	0.028	0.028	0.027	0.027	0.027		
		
430	21.50	0.635	0.452	0.446	0.294	0.67	0.594	0.591	0.464	0.264	0.842	0.903	0.701		
		1.111	0.729	0.714	0.389	0.68	0.807	0.849	0.632	0.415	1.151	1.213	0.79		
		1.422	0.82	1.092	0.94	1.207	1.434	0.85	0.766	0.535	1.344	1.615	1.194		
		1.789	1.1	1.417	0.988	1.164	1.323	0.797	0.604	0.628	1.515	1.596	1.113		
		1.505	1.042	1.118	0.891	1.11	1.244	0.721	0.648	0.492	1.134	1.089	0.916		
		1.476	0.968	1.097	0.871	1.078	1.275	0.649	0.626	0.479	1.208	1.1	0.702		
		1.233	0.852	0.889	0.82	0.851	1.271	0.723	0.598	0.475	1.026	1.102	0.886		
		0.027	0.027	0.027	0.027	0.027	0.027	0.027	0.027	0.028	0.027	0.027	0.027		
		
440	21.50	0.662	0.455	0.439	0.313	0.732	0.613	0.623	0.486	0.281	0.863	0.934	0.731		
		1.159	0.757	0.752	0.412	0.705	0.84	0.86	0.638	0.426	1.161	1.272	0.817		
		1.446	0.853	1.113	0.969	1.226	1.46	0.859	0.772	0.546	1.339	1.606	1.193		
		1.794	1.108	1.411	0.982	1.13	1.273	0.784	0.593	0.628	1.5	1.58	1.105		
		1.46	1.024	1.08	0.854	1.055	1.177	0.682	0.613	0.469	1.072	1.032	0.87		
		1.417	0.938	1.051	0.826	1.036	1.226	0.621	0.593	0.455	1.142	1.04	0.667		
		1.183	0.806	0.858	0.787	0.812	1.204	0.683	0.565	0.455	0.98	1.051	0.841		
		0.026	0.028	0.027	0.027	0.027	0.027	0.027	0.028	0.028	0.027	0.027	0.026		
		
450	21.50	0.65	0.457	0.436	0.33	0.728	0.625	0.638	0.505	0.295	0.882	0.957	0.752		
		1.199	0.785	0.776	0.429	0.732	0.859	0.848	0.625	0.429	1.153	1.29	0.828		
		1.465	0.867	1.105	0.975	1.22	1.443	0.844	0.754	0.546	1.29	1.547	1.152		
		1.74	1.081	1.36	0.946	1.083	1.216	0.753	0.569	0.609	1.444	1.519	1.065		
		1.397	0.986	1.032	0.815	1.008	1.123	0.652	0.586	0.448	1.023	0.987	0.83		
		1.353	0.898	1.006	0.798	1.028	1.216	0.607	0.567	0.435	1.096	0.996	0.644		
		1.167	0.774	0.852	0.779	0.794	1.168	0.661	0.547	0.447	0.958	1.03	0.818		
		0.027	0.027	0.027	0.027	0.027	0.026	0.027	0.027	0.028	0.026	0.027	0.026		
		
460	21.60	0.635	0.45	0.431	0.348	0.722	0.624	0.645	0.516	0.31	0.887	0.958	0.772		
		1.192	0.806	0.806	0.444	0.735	0.83	0.81	0.595	0.423	1.14	1.245	0.824		
		1.444	0.864	1.066	0.96	1.186	1.37	0.802	0.716	0.534	1.198	1.431	1.072		
		1.627	1.02	1.262	0.873	1.007	1.136	0.699	0.529	0.568	1.337	1.407	0.988		
		1.302	0.912	0.963	0.763	0.943	1.053	0.617	0.554	0.421	0.961	0.923	0.777		
		1.262	0.835	0.938	0.767	1.022	1.221	0.597	0.536	0.411	1.045	0.936	0.619		
		1.16	0.738	0.852	0.778	0.781	1.136	0.64	0.53	0.444	0.938	1.016	0.8		
		0.026	0.027	0.026	0.026	0.026	0.026	0.026	0.027	0.028	0.026	0.026	0.026		
		
470	21.50	0.6	0.441	0.44	0.357	0.708	0.639	0.644	0.518	0.321	0.899	0.962	0.762		
		1.187	0.835	0.797	0.45	0.737	0.829	0.747	0.542	0.409	1.081	1.207	0.809		
		1.404	0.847	1.006	0.932	1.121	1.279	0.733	0.647	0.509	1.06	1.265	0.949		
		1.455	0.926	1.116	0.77	0.896	1.015	0.616	0.467	0.504	1.179	1.242	0.871		
		1.159	0.808	0.86	0.683	0.852	0.956	0.562	0.505	0.382	0.875	0.838	0.701		
		1.133	0.744	0.842	0.72	1.017	1.227	0.577	0.488	0.376	0.972	0.854	0.581		
		1.153	0.683	0.854	0.773	0.758	1.095	0.607	0.503	0.437	0.915	0.997	0.771		
		0.026	0.027	0.026	0.026	0.026	0.026	0.026	0.028	0.028	0.026	0.027	0.026		
		
480	21.50	0.575	0.452	0.427	0.373	0.746	0.655	0.64	0.521	0.336	0.867	0.949	0.767		
		1.171	0.826	0.803	0.467	0.737	0.81	0.67	0.484	0.395	1.036	1.166	0.791		
		1.327	0.826	0.918	0.882	1.025	1.135	0.649	0.568	0.488	0.872	1.039	0.789		
		1.228	0.801	0.919	0.634	0.752	0.858	0.515	0.393	0.429	0.968	1.017	0.718		
		0.968	0.668	0.727	0.584	0.731	0.825	0.5	0.451	0.331	0.764	0.725	0.605		
		0.96	0.627	0.719	0.667	1.023	1.249	0.565	0.435	0.333	0.88	0.749	0.542		
		1.15	0.618	0.87	0.781	0.741	1.043	0.574	0.479	0.435	0.894	0.982	0.742		
		0.027	0.026	0.026	0.026	0.027	0.026	0.027	0.028	0.028	0.026	0.026	0.026		
		
490	21.50	0.55	0.419	0.398	0.39	0.747	0.626	0.642	0.529	0.354	0.864	0.927	0.766		
		1.165	0.819	0.81	0.481	0.761	0.817	0.604	0.429	0.384	0.954	1.111	0.771		
		1.234	0.81	0.84	0.843	0.947	0.999	0.578	0.499	0.469	0.713	0.839	0.649		
		1.017	0.694	0.749	0.519	0.625	0.723	0.421	0.324	0.358	0.784	0.82	0.583		
		0.804	0.549	0.609	0.5	0.63	0.72	0.448	0.403	0.288	0.672	0.634	0.525		
		0.811	0.526	0.614	0.636	1.065	1.314	0.568	0.389	0.296	0.815	0.663	0.515		
		1.189	0.572	0.92	0.82	0.752	1.025	0.561	0.466	0.449	0.904	0.999	0.742		
		0.026	0.026	0.026	0.026	0.026	0.026	0.026	0.027	0.027	0.026	0.026	0.026		
		
500	21.60	0.549	0.41	0.39	0.401	0.702	0.61	0.645	0.527	0.368	0.853	0.924	0.754		
		1.159	0.833	0.803	0.492	0.728	0.793	0.533	0.376	0.373	0.891	1.07	0.747		
		1.179	0.787	0.761	0.795	0.859	0.872	0.503	0.427	0.451	0.552	0.646	0.51		
		0.814	0.586	0.577	0.399	0.507	0.596	0.33	0.259	0.291	0.6	0.631	0.449		
		0.649	0.431	0.502	0.422	0.539	0.627	0.407	0.368	0.252	0.597	0.553	0.457		
		0.673	0.428	0.516	0.631	1.179	1.475	0.604	0.354	0.268	0.775	0.595	0.51		
		1.309	0.545	1.027	0.906	0.8	1.063	0.571	0.475	0.488	0.962	1.078	0.775		
		0.026	0.026	0.026	0.026	0.026	0.025	0.026	0.027	0.028	0.026	0.026	0.026		
		
510	21.50	0.55	0.414	0.39	0.409	0.672	0.623	0.625	0.524	0.38	0.835	0.909	0.752		
		1.13	0.872	0.799	0.501	0.73	0.787	0.479	0.335	0.367	0.847	1.021	0.734		
		1.122	0.768	0.704	0.764	0.789	0.775	0.444	0.372	0.439	0.423	0.492	0.399		
		0.657	0.502	0.445	0.307	0.423	0.515	0.264	0.211	0.237	0.456	0.483	0.344		
		0.542	0.343	0.431	0.376	0.49	0.586	0.397	0.36	0.233	0.568	0.515	0.421		
		0.59	0.363	0.458	0.675	1.397	1.758	0.686	0.345	0.26	0.801	0.573	0.546		
		1.542	0.561	1.223	1.072	0.916	1.188	0.627	0.52	0.566	1.104	1.248	0.874		
		0.026	0.027	0.026	0.026	0.027	0.026	0.027	0.027	0.028	0.026	0.026	0.026		
		
520	21.60	0.518	0.404	0.413	0.41	0.692	0.629	0.611	0.518	0.386	0.824	0.89	0.739		
		1.152	0.867	0.795	0.501	0.723	0.754	0.438	0.305	0.36	0.806	0.983	0.72		
		1.062	0.752	0.657	0.736	0.741	0.69	0.402	0.332	0.427	0.336	0.387	0.322		
		0.543	0.441	0.353	0.248	0.385	0.487	0.223	0.181	0.198	0.365	0.387	0.273		
		0.492	0.291	0.402	0.365	0.486	0.598	0.42	0.381	0.233	0.59	0.525	0.424		
		0.564	0.334	0.444	0.768	1.685	2.143	0.811	0.363	0.271	0.89	0.6	0.617		
		1.854	0.618	1.489	1.297	1.088	1.393	0.724	0.599	0.676	1.312	1.494	1.028		
		0.026	0.027	0.027	0.026	0.026	0.026	0.026	0.027	0.028	0.026	0.026	0.026		
		
530	21.50	0.505	0.394	0.381	0.395	0.703	0.571	0.59	0.498	0.372	0.792	0.857	0.712		
		1.119	0.81	0.764	0.484	0.684	0.732	0.395	0.275	0.34	0.76	0.94	0.685		
		1.027	0.713	0.609	0.695	0.688	0.624	0.36	0.294	0.402	0.279	0.319	0.266		
		0.458	0.388	0.291	0.211	0.38	0.503	0.202	0.169	0.17	0.311	0.329	0.226		
		0.491	0.268	0.408	0.384	0.524	0.658	0.472	0.427	0.248	0.657	0.576	0.46		
		0.589	0.333	0.469	0.907	2.069	2.642	0.982	0.406	0.298	1.039	0.673	0.728		
		2.273	0.718	1.832	1.593	1.323	1.681	0.864	0.714	0.819	1.594	1.824	1.24		
		0.026	0.027	0.026	0.027	0.027	0.026	0.026	0.027	0.028	0.026	0.026	0.026		
		
540	21.60	0.435	0.377	0.354	0.373	0.653	0.542	0.569	0.469	0.351	0.756	0.82	0.686		
		1.057	0.755	0.727	0.454	0.663	0.691	0.361	0.247	0.319	0.738	0.892	0.644		
		0.944	0.667	0.557	0.649	0.636	0.582	0.327	0.262	0.376	0.243	0.28	0.229		
		0.394	0.344	0.252	0.194	0.413	0.561	0.201	0.172	0.149	0.288	0.305	0.201		
		0.531	0.271	0.452	0.434	0.602	0.768	0.562	0.513	0.286	0.774	0.671	0.531		
		0.661	0.363	0.53	1.123	2.644	3.349	1.243	0.483	0.35	1.274	0.797	0.899		
		2.902	0.877	2.352	2.042	1.686	2.115	1.082	0.888	1.04	2.029	2.32	1.574		
		0.027	0.027	0.026	0.027	0.027	0.026	0.027	0.028	0.028	0.027	0.027	0.026		
		
550	21.60	0.458	0.358	0.348	0.352	0.617	0.528	0.538	0.449	0.336	0.733	0.801	0.65		
		1.025	0.733	0.695	0.434	0.643	0.681	0.339	0.233	0.303	0.673	0.855	0.613		
		0.884	0.639	0.529	0.62	0.604	0.555	0.305	0.246	0.357	0.231	0.27	0.213		
		0.36	0.318	0.239	0.195	0.46	0.636	0.213	0.184	0.14	0.288	0.305	0.196		
		0.593	0.288	0.508	0.495	0.692	0.89	0.655	0.593	0.324	0.901	0.775	0.613		
		0.75	0.405	0.605	1.338	3.156	3.775	1.491	0.561	0.405	1.513	0.931	1.068		
		3.451	1.033	2.831	2.457	2.018	2.536	1.282	1.058	1.245	2.428	2.768	1.88		
		0.026	0.027	0.027	0.027	0.027	0.026	0.027	0.028	0.028	0.026	0.026	0.026		
		
560	21.60	0.388	0.339	0.336	0.317	0.551	0.489	0.5	0.413	0.299	0.686	0.751	0.607		
		0.979	0.69	0.643	0.388	0.595	0.62	0.306	0.208	0.27	0.627	0.787	0.56		
		0.839	0.575	0.483	0.569	0.556	0.502	0.274	0.22	0.319	0.224	0.267	0.197		
		0.326	0.283	0.23	0.202	0.527	0.735	0.233	0.203	0.126	0.302	0.318	0.195		
		0.682	0.318	0.587	0.576	0.805	1.038	0.739	0.672	0.375	1.04	0.902	0.709		
		0.875	0.466	0.705	1.434	3.074	3.41	1.538	0.638	0.462	1.659	1.066	1.144		
		3.261	1.132	2.789	2.466	2.081	2.633	1.37	1.126	1.275	2.491	2.791	1.963		
		0.027	0.027	0.027	0.027	0.027	0.026	0.027	0.028	0.028	0.027	0.027	0.026		
		
570	21.60	0.378	0.289	0.28	0.247	0.486	0.427	0.437	0.343	0.22	0.612	0.672	0.529		
		0.868	0.585	0.556	0.297	0.509	0.54	0.245	0.158	0.197	0.539	0.69	0.464		
		0.736	0.459	0.4	0.476	0.468	0.469	0.217	0.171	0.239	0.212	0.264	0.17		
		0.274	0.217	0.217	0.21	0.605	0.855	0.258	0.222	0.106	0.319	0.336	0.193		
		0.788	0.354	0.679	0.667	0.935	1.189	0.805	0.727	0.429	1.167	1.033	0.821		
		1.018	0.533	0.819	1.348	2.602	3.154	1.307	0.694	0.507	1.653	1.178	1.078		
		2.857	1.134	2.271	2.015	1.791	2.406	1.274	1.049	1.063	2.168	2.414	1.745		
		0.026	0.027	0.027	0.027	0.027	0.026	0.026	0.027	0.028	0.026	0.027	0.026		
		
580	21.60	0.396	0.268	0.248	0.177	0.427	0.381	0.37	0.274	0.14	0.54	0.576	0.442		
		0.791	0.464	0.456	0.199	0.437	0.46	0.184	0.109	0.124	0.455	0.589	0.362		
		0.614	0.337	0.316	0.378	0.385	0.387	0.161	0.122	0.16	0.207	0.265	0.148		
		0.225	0.153	0.21	0.223	0.684	0.972	0.284	0.247	0.088	0.34	0.357	0.195		
		0.886	0.393	0.768	0.757	1.061	1.338	0.866	0.781	0.485	1.292	1.162	0.924		
		1.16	0.602	0.927	1.29	2.12	2.605	1.127	0.752	0.556	1.666	1.292	1.032		
		2.374	1.149	1.799	1.634	1.556	2.214	1.207	0.993	0.89	1.89	2.071	1.57		
		0.026	0.027	0.027	0.026	0.027	0.026	0.027	0.028	0.028	0.026	0.026	0.026		
		
590	21.60	0.375	0.24	0.223	0.116	0.396	0.325	0.311	0.214	0.082	0.473	0.524	0.373		
		0.725	0.402	0.371	0.127	0.354	0.396	0.138	0.074	0.072	0.381	0.512	0.274		
		0.507	0.237	0.241	0.299	0.327	0.326	0.12	0.088	0.102	0.209	0.277	0.136		
		0.192	0.108	0.211	0.242	0.777	1.111	0.317	0.276	0.077	0.372	0.389	0.208		
		1.01	0.441	0.871	0.859	1.209	1.519	0.96	0.865	0.548	1.455	1.317	1.05		
		1.325	0.684	1.058	1.326	1.912	2.328	1.071	0.831	0.619	1.771	1.447	1.062		
		2.164	1.227	1.591	1.475	1.488	2.208	1.23	1.012	0.829	1.812	1.957	1.543		
		0.027	0.027	0.027	0.027	0.027	0.026	0.027	0.028	0.028	0.026	0.027	0.027		
		
600	21.60	0.325	0.209	0.213	0.086	0.353	0.286	0.263	0.171	0.057	0.423	0.456	0.321		
		0.647	0.344	0.307	0.09	0.29	0.352	0.113	0.06	0.051	0.323	0.47	0.226		
		0.44	0.18	0.2	0.25	0.276	0.287	0.1	0.074	0.077	0.222	0.298	0.138		
		0.179	0.089	0.223	0.264	0.869	1.25	0.351	0.305	0.074	0.41	0.428	0.224		
		1.135	0.492	0.979	0.964	1.361	1.704	1.063	0.957	0.612	1.623	1.476	1.178		
		1.492	0.768	1.188	1.425	1.927	2.328	1.108	0.92	0.686	1.926	1.607	1.138		
		2.19	1.336	1.586	1.486	1.542	2.325	1.309	1.077	0.847	1.877	2.014	1.617		
		0.026	0.027	0.027	0.026	0.027	0.026	0.026	0.028	0.028	0.026	0.026	0.026		
		
610	21.60	0.265	0.179	0.177	0.069	0.304	0.263	0.228	0.144	0.047	0.387	0.408	0.275		
		0.578	0.288	0.262	0.071	0.257	0.304	0.099	0.056	0.044	0.282	0.395	0.188		
		0.391	0.144	0.17	0.212	0.236	0.258	0.089	0.068	0.066	0.231	0.318	0.142		
		0.176	0.083	0.232	0.284	0.945	1.359	0.378	0.329	0.075	0.442	0.46	0.236		
		1.237	0.532	1.064	1.045	1.476	1.838	1.138	1.024	0.66	1.749	1.595	1.273		
		1.623	0.831	1.291	1.502	1.978	2.381	1.149	0.985	0.733	2.044	1.727	1.198		
		2.256	1.417	1.622	1.523	1.594	2.421	1.367	1.124	0.871	1.945	2.082	1.68		
		0.027	0.027	0.027	0.027	0.027	0.027	0.027	0.028	0.028	0.027	0.027	0.027		
		
620	21.60	0.319	0.181	0.171	0.059	0.279	0.226	0.196	0.123	0.042	0.343	0.365	0.238		
		0.52	0.234	0.222	0.06	0.227	0.269	0.088	0.053	0.04	0.263	0.349	0.16		
		0.357	0.122	0.152	0.185	0.208	0.227	0.082	0.065	0.06	0.235	0.323	0.145		
		0.175	0.08	0.237	0.289	0.966	1.391	0.386	0.336	0.075	0.451	0.47	0.242		
		1.265	0.543	1.087	1.065	1.501	1.863	1.145	1.029	0.669	1.765	1.616	1.29		
		1.657	0.845	1.315	1.491	1.937	2.321	1.132	0.99	0.734	2.039	1.739	1.191		
		2.208	1.416	1.584	1.487	1.562	2.373	1.345	1.104	0.852	1.905	2.037	1.647		
		0.027	0.027	0.027	0.027	0.027	0.026	0.026	0.028	0.028	0.026	0.026	0.026		
		
630	21.60	0.321	0.154	0.177	0.053	0.255	0.21	0.176	0.106	0.039	0.308	0.329	0.213		
		0.464	0.194	0.196	0.054	0.197	0.24	0.081	0.051	0.039	0.221	0.313	0.136		
		0.318	0.103	0.134	0.16	0.185	0.201	0.076	0.061	0.056	0.218	0.3	0.134		
		0.159	0.074	0.22	0.268	0.891	1.28	0.358	0.311	0.071	0.419	0.436	0.225		
		1.167	0.501	1	0.977	1.378	1.705	1.039	0.931	0.612	1.604	1.477	1.181		
		1.526	0.778	1.208	1.338	1.724	2.072	1.011	0.897	0.669	1.841	1.581	1.068		
		1.972	1.276	1.407	1.317	1.385	2.126	1.195	0.983	0.757	1.696	1.813	1.464		
		0.026	0.026	0.026	0.026	0.026	0.026	0.026	0.027	0.027	0.026	0.026	0.025		
		
640	21.60	0.296	0.14	0.176	0.05	0.244	0.191	0.16	0.097	0.038	0.28	0.299	0.191		
		0.42	0.175	0.176	0.05	0.181	0.215	0.072	0.047	0.037	0.193	0.279	0.126		
		0.263	0.093	0.118	0.145	0.169	0.177	0.069	0.056	0.053	0.184	0.25	0.114		
		0.136	0.066	0.185	0.223	0.729	1.044	0.296	0.258	0.064	0.346	0.36	0.189		
		0.949	0.411	0.81	0.791	1.11	1.372	0.833	0.747	0.498	1.289	1.185	0.951		
		1.235	0.635	0.978	1.064	1.365	1.637	0.801	0.724	0.54	1.474	1.266	0.85		
		1.562	1.016	1.107	1.038	1.094	1.677	0.942	0.776	0.602	1.33	1.43	1.154		
		0.026	0.026	0.026	0.026	0.026	0.025	0.026	0.027	0.027	0.025	0.026	0.026		
		
650	21.60	0.278	0.136	0.138	0.048	0.227	0.167	0.144	0.09	0.037	0.262	0.273	0.177		
		0.411	0.164	0.16	0.048	0.16	0.204	0.065	0.044	0.036	0.178	0.255	0.115		
		0.238	0.084	0.108	0.132	0.157	0.158	0.062	0.05	0.05	0.142	0.189	0.091		
		0.108	0.057	0.142	0.169	0.526	0.747	0.219	0.192	0.055	0.256	0.266	0.144		
		0.683	0.301	0.586	0.571	0.787	0.98	0.598	0.537	0.36	0.921	0.847	0.683		
		0.883	0.46	0.704	0.753	0.956	1.149	0.572	0.518	0.388	1.038	0.902	0.604		
		1.098	0.72	0.782	0.728	0.77	1.18	0.664	0.55	0.428	0.936	1.005	0.812		
		0.026	0.026	0.026	0.025	0.026	0.025	0.026	0.026	0.027	0.025	0.025	0.025		
		
660	21.70	0.287	0.129	0.121	0.045	0.191	0.16	0.133	0.082	0.036	0.247	0.258	0.167		
		0.384	0.147	0.146	0.045	0.144	0.189	0.058	0.04	0.035	0.162	0.238	0.105		
		0.221	0.078	0.097	0.12	0.139	0.149	0.056	0.044	0.048	0.1	0.129	0.07		
		0.081	0.049	0.1	0.115	0.338	0.475	0.146	0.131	0.047	0.169	0.176	0.1		
		0.437	0.199	0.375	0.364	0.504	0.616	0.378	0.341	0.234	0.58	0.531	0.432		
		0.561	0.296	0.446	0.472	0.601	0.712	0.361	0.329	0.25	0.649	0.568	0.383		
		0.684	0.455	0.49	0.46	0.483	0.73	0.419	0.349	0.272	0.585	0.624	0.51		
		0.026	0.026	0.026	0.026	0.026	0.025	0.025	0.027	0.027	0.025	0.026	0.025		
		
670	21.60	0.225	0.123	0.12	0.044	0.191	0.156	0.126	0.08	0.036	0.237	0.238	0.154		
		0.352	0.148	0.139	0.044	0.146	0.181	0.054	0.038	0.034	0.152	0.228	0.102		
		0.204	0.073	0.087	0.113	0.129	0.137	0.051	0.041	0.046	0.074	0.09	0.055		
		0.063	0.043	0.073	0.08	0.21	0.293	0.099	0.09	0.042	0.114	0.12	0.072		
		0.27	0.13	0.233	0.225	0.309	0.373	0.234	0.213	0.151	0.351	0.326	0.267		
		0.341	0.187	0.274	0.29	0.362	0.428	0.223	0.205	0.159	0.391	0.344	0.237		
		0.41	0.28	0.298	0.281	0.295	0.438	0.256	0.216	0.171	0.354	0.377	0.309		
		0.026	0.026	0.026	0.026	0.026	0.026	0.025	0.027	0.027	0.025	0.026	0.025		
		
680	21.70	0.196	0.114	0.111	0.043	0.186	0.144	0.117	0.074	0.036	0.222	0.226	0.146		
		0.327	0.129	0.128	0.042	0.138	0.165	0.051	0.036	0.034	0.146	0.209	0.092		
		0.2	0.069	0.082	0.105	0.115	0.117	0.048	0.038	0.045	0.056	0.063	0.045		
		0.051	0.039	0.055	0.058	0.123	0.168	0.067	0.063	0.039	0.074	0.077	0.053		
		0.156	0.083	0.137	0.133	0.176	0.21	0.139	0.127	0.093	0.198	0.186	0.154		
		0.194	0.112	0.158	0.165	0.202	0.236	0.13	0.121	0.097	0.219	0.195	0.137		
		0.228	0.159	0.17	0.16	0.168	0.243	0.149	0.125	0.103	0.198	0.21	0.176		
		0.025	0.026	0.025	0.025	0.025	0.025	0.025	0.027	0.027	0.025	0.025	0.025		
		
690	21.60	0.217	0.106	0.107	0.042	0.174	0.144	0.114	0.073	0.035	0.209	0.22	0.14		
		0.324	0.127	0.126	0.041	0.123	0.164	0.048	0.035	0.033	0.143	0.197	0.091		
		0.179	0.066	0.079	0.101	0.11	0.11	0.046	0.037	0.044	0.047	0.05	0.04		
		0.045	0.037	0.045	0.046	0.082	0.105	0.05	0.05	0.037	0.055	0.057	0.044		
		0.1	0.06	0.09	0.088	0.11	0.128	0.09	0.084	0.067	0.122	0.115	0.099		
		0.12	0.075	0.1	0.104	0.124	0.142	0.084	0.08	0.067	0.133	0.12	0.09		
		0.139	0.103	0.107	0.102	0.106	0.145	0.096	0.084	0.069	0.121	0.128	0.11		
		0.026	0.026	0.026	0.026	0.026	0.026	0.026	0.027	0.027	0.025	0.025	0.025		
		
700	21.70	0.175	0.102	0.105	0.041	0.166	0.131	0.108	0.068	0.035	0.2	0.212	0.131		
		0.305	0.119	0.12	0.041	0.118	0.155	0.047	0.035	0.034	0.127	0.185	0.087		
		0.169	0.064	0.075	0.095	0.104	0.1	0.045	0.036	0.043	0.041	0.043	0.037		
		0.041	0.036	0.04	0.04	0.057	0.067	0.042	0.042	0.036	0.044	0.045	0.038		
		0.065	0.047	0.06	0.059	0.07	0.078	0.061	0.057	0.049	0.076	0.072	0.064		
		0.075	0.054	0.065	0.067	0.076	0.085	0.059	0.056	0.05	0.081	0.075	0.06		
		0.084	0.067	0.068	0.066	0.068	0.087	0.062	0.057	0.05	0.075	0.078	0.07		
		0.026	0.025	0.025	0.025	0.026	0.025	0.025	0.027	0.026	0.025	0.025	0.025		
		
710	21.70	0.161	0.103	0.099	0.043	0.155	0.13	0.105	0.069	0.037	0.192	0.201	0.129		
		0.301	0.124	0.118	0.043	0.116	0.146	0.048	0.038	0.036	0.125	0.182	0.086		
		0.162	0.064	0.074	0.094	0.102	0.096	0.046	0.036	0.042	0.039	0.039	0.035		
		0.039	0.035	0.038	0.036	0.045	0.052	0.037	0.038	0.035	0.038	0.04	0.036		
		0.052	0.043	0.049	0.049	0.054	0.058	0.05	0.047	0.044	0.058	0.056	0.051		
		0.057	0.043	0.049	0.052	0.057	0.062	0.047	0.045	0.044	0.059	0.056	0.047		
		0.061	0.053	0.053	0.052	0.053	0.063	0.05	0.048	0.044	0.057	0.058	0.054		
		0.028	0.027	0.027	0.028	0.028	0.027	0.027	0.028	0.029	0.027	0.027	0.027		
		
720	21.70	0.192	0.112	0.115	0.043	0.146	0.122	0.102	0.068	0.037	0.191	0.194	0.125		
		0.298	0.115	0.116	0.041	0.115	0.141	0.048	0.035	0.035	0.124	0.179	0.084		
		0.159	0.064	0.073	0.091	0.1	0.095	0.044	0.036	0.043	0.038	0.038	0.036		
		0.039	0.036	0.037	0.036	0.04	0.043	0.036	0.037	0.036	0.037	0.038	0.036		
		0.045	0.04	0.043	0.043	0.046	0.048	0.044	0.042	0.041	0.048	0.047	0.044		
		0.045	0.039	0.043	0.043	0.046	0.048	0.041	0.04	0.038	0.047	0.045	0.041		
		0.05	0.047	0.047	0.046	0.047	0.052	0.045	0.043	0.041	0.046	0.049	0.045		
		0.028	0.028	0.028	0.029	0.029	0.028	0.028	0.029	0.029	0.028	0.028	0.028		
		
730	21.70	0.2	0.114	0.112	0.043	0.15	0.123	0.099	0.065	0.037	0.183	0.188	0.121		
		0.279	0.113	0.109	0.043	0.112	0.141	0.048	0.037	0.036	0.117	0.169	0.08		
		0.15	0.062	0.071	0.089	0.097	0.097	0.045	0.038	0.045	0.04	0.039	0.038		
		0.041	0.038	0.039	0.035	0.04	0.041	0.037	0.037	0.038	0.038	0.039	0.037		
		0.04	0.038	0.04	0.039	0.041	0.041	0.04	0.039	0.038	0.042	0.042	0.04		
		0.044	0.041	0.043	0.043	0.044	0.046	0.042	0.041	0.04	0.045	0.044	0.042		
		0.046	0.044	0.044	0.043	0.044	0.047	0.043	0.042	0.04	0.044	0.045	0.044		
		0.027	0.027	0.026	0.027	0.026	0.026	0.026	0.027	0.028	0.026	0.026	0.027		
		
740	21.70	0.197	0.095	0.094	0.041	0.129	0.118	0.095	0.063	0.036	0.177	0.184	0.119		
		0.262	0.109	0.106	0.041	0.106	0.133	0.046	0.036	0.036	0.114	0.162	0.079		
		0.147	0.062	0.071	0.087	0.094	0.094	0.046	0.039	0.045	0.041	0.04	0.039		
		0.04	0.037	0.038	0.036	0.037	0.038	0.035	0.037	0.037	0.036	0.037	0.036		
		0.04	0.039	0.039	0.039	0.041	0.04	0.04	0.039	0.039	0.041	0.041	0.04		
		0.041	0.039	0.04	0.04	0.041	0.042	0.039	0.038	0.039	0.042	0.041	0.04		
		0.042	0.042	0.041	0.042	0.042	0.043	0.041	0.04	0.039	0.042	0.042	0.042		
		0.027	0.028	0.027	0.028	0.028	0.027	0.027	0.029	0.029	0.027	0.027	0.028		
		
750	21.70	0.168	0.091	0.105	0.041	0.136	0.112	0.092	0.061	0.036	0.169	0.173	0.111		
		0.259	0.109	0.103	0.042	0.103	0.128	0.046	0.037	0.036	0.107	0.159	0.077		
		0.14	0.06	0.068	0.083	0.09	0.088	0.044	0.037	0.043	0.039	0.038	0.037		
		0.04	0.038	0.038	0.037	0.037	0.038	0.035	0.037	0.037	0.036	0.038	0.037		
		0.04	0.039	0.039	0.039	0.04	0.039	0.04	0.039	0.039	0.04	0.04	0.039		
		0.04	0.039	0.039	0.04	0.041	0.041	0.04	0.038	0.039	0.041	0.04	0.039		
		0.042	0.042	0.041	0.041	0.042	0.042	0.04	0.04	0.039	0.042	0.041	0.041		
		0.028	0.028	0.027	0.027	0.028	0.027	0.027	0.029	0.028	0.027	0.027	0.028		
		
~End
Copyright © 2004 Molecular Devices. All rights reserved.
