##BLOCKS= 2          
Plate:	Plate#1	1.3	PlateFormat	Spectrum	Absorbance	Raw	FALSE	41			350	750	10			1	12	96	1	8	None	
Wavelength(nm)	Temperature(¡C)	1	2	3	4	5	6	7	8	9	10	11	12		
350	20.60	0.312	0.584	0.292	0.671	0.575	0.674	0.497	0.241	0.471	0.201	0.491	0.551		
		0.266	0.458	0.319	0.595	0.499	0.637	0.436	0.239	0.378	0.269	0.402	0.644		
		0.353	0.484	0.306	0.483	0.444	0.53	0.416	0.252	0.578	0.454	0.573	0.822		
		0.422	0.723	0.504	0.73	0.648	0.796	0.554	0.324	0.549	0.516	0.603	0.82		
		0.422	0.681	0.47	0.689	0.645	0.746	0.527	0.287	0.535	0.536	0.56	0.791		
		0.394	0.689	0.486	0.663	0.637	0.748	0.551	0.298	0.581	0.5	0.566	0.708		
		0.385	0.665	0.503	0.621	0.607	0.708	0.496	0.299	0.574	0.474	0.553	0.685		
		0.066	0.058	0.06	0.066	0.063	0.058	0.06	0.064	0.069	0.065	0.066	0.076		
		
360	20.60	0.292	0.532	0.27	0.621	0.531	0.627	0.461	0.222	0.435	0.191	0.456	0.656		
		0.304	0.538	0.345	0.583	0.493	0.649	0.479	0.262	0.443	0.304	0.474	0.714		
		0.429	0.574	0.359	0.567	0.526	0.636	0.501	0.293	0.729	0.562	0.721	1.042		
		0.525	0.921	0.629	0.926	0.823	1.013	0.689	0.396	0.683	0.635	0.754	1.036		
		0.52	0.853	0.579	0.875	0.811	0.946	0.654	0.344	0.663	0.666	0.694	0.989		
		0.48	0.859	0.597	0.829	0.796	0.937	0.68	0.353	0.716	0.612	0.692	0.88		
		0.464	0.825	0.618	0.772	0.755	0.884	0.607	0.356	0.707	0.575	0.676	0.847		
		0.056	0.05	0.05	0.057	0.054	0.049	0.052	0.055	0.059	0.056	0.057	0.065		
		
370	20.60	0.274	0.497	0.25	0.581	0.502	0.594	0.432	0.208	0.41	0.184	0.435	0.766		
		0.346	0.629	0.378	0.59	0.503	0.682	0.537	0.291	0.51	0.34	0.552	0.804		
		0.5	0.674	0.408	0.661	0.615	0.75	0.587	0.333	0.865	0.66	0.85	1.247		
		0.619	1.104	0.746	1.108	0.983	1.222	0.82	0.456	0.811	0.748	0.891	1.238		
		0.609	1.018	0.683	1.047	0.966	1.133	0.772	0.393	0.782	0.782	0.817	1.179		
		0.56	1.026	0.704	0.986	0.947	1.126	0.806	0.406	0.848	0.721	0.817	1.046		
		0.543	0.983	0.728	0.917	0.897	1.057	0.718	0.407	0.836	0.676	0.8	1.006		
		0.043	0.041	0.041	0.044	0.043	0.041	0.043	0.042	0.044	0.043	0.044	0.048		
		
380	20.60	0.269	0.483	0.24	0.566	0.493	0.584	0.426	0.2	0.409	0.184	0.434	0.887		
		0.393	0.73	0.424	0.623	0.538	0.74	0.615	0.325	0.592	0.383	0.636	0.926		
		0.562	0.787	0.47	0.769	0.714	0.874	0.676	0.373	0.97	0.728	0.944	1.397		
		0.684	1.236	0.829	1.244	1.1	1.375	0.918	0.508	0.91	0.842	0.996	1.388		
		0.679	1.152	0.767	1.169	1.093	1.28	0.879	0.442	0.879	0.88	0.92	1.333		
		0.631	1.167	0.795	1.113	1.072	1.276	0.917	0.454	0.963	0.815	0.924	1.183		
		0.612	1.123	0.83	1.044	1.023	1.209	0.82	0.462	0.957	0.769	0.912	1.145		
		0.032	0.033	0.033	0.033	0.033	0.033	0.035	0.032	0.032	0.033	0.033	0.034		
		
390	20.60	0.284	0.493	0.25	0.587	0.512	0.606	0.446	0.214	0.436	0.201	0.462	1.011		
		0.442	0.837	0.491	0.694	0.6	0.838	0.714	0.37	0.674	0.434	0.722	1.083		
		0.586	0.897	0.532	0.883	0.816	0.997	0.753	0.405	0.958	0.725	0.944	1.405		
		0.684	1.234	0.83	1.243	1.097	1.378	0.94	0.516	0.934	0.872	1.01	1.406		
		0.693	1.198	0.795	1.174	1.119	1.31	0.927	0.464	0.912	0.91	0.958	1.381		
		0.658	1.226	0.838	1.149	1.114	1.324	0.969	0.482	1.017	0.861	0.981	1.24		
		0.651	1.189	0.888	1.101	1.077	1.284	0.88	0.497	1.025	0.831	0.985	1.221		
		0.027	0.029	0.028	0.028	0.028	0.028	0.03	0.027	0.027	0.028	0.028	0.029		
		
400	20.60	0.306	0.52	0.267	0.623	0.55	0.643	0.48	0.232	0.472	0.22	0.497	1.08		
		0.467	0.893	0.545	0.762	0.659	0.929	0.792	0.402	0.717	0.463	0.762	1.207		
		0.573	0.956	0.564	0.947	0.872	1.058	0.784	0.415	0.894	0.678	0.878	1.312		
		0.635	1.144	0.777	1.155	1.017	1.276	0.896	0.491	0.896	0.844	0.954	1.321		
		0.656	1.158	0.767	1.094	1.069	1.243	0.91	0.457	0.879	0.876	0.929	1.33		
		0.641	1.2	0.824	1.104	1.076	1.279	0.954	0.48	1.002	0.849	0.971	1.211		
		0.645	1.172	0.888	1.083	1.059	1.268	0.882	0.501	1.024	0.837	0.992	1.211		
		0.027	0.028	0.028	0.028	0.028	0.028	0.029	0.027	0.027	0.028	0.028	0.028		
		
410	20.70	0.338	0.562	0.29	0.674	0.599	0.699	0.522	0.253	0.518	0.242	0.549	1.098		
		0.473	0.911	0.595	0.835	0.728	1.024	0.861	0.422	0.73	0.476	0.769	1.319		
		0.545	0.971	0.571	0.974	0.891	1.07	0.781	0.406	0.819	0.619	0.802	1.202		
		0.58	1.045	0.71	1.053	0.926	1.165	0.835	0.457	0.837	0.795	0.881	1.216		
		0.608	1.088	0.722	1	0.995	1.151	0.864	0.436	0.826	0.822	0.875	1.246		
		0.606	1.136	0.787	1.031	1.011	1.2	0.908	0.46	0.953	0.81	0.926	1.144		
		0.615	1.116	0.851	1.028	1.004	1.206	0.848	0.484	0.981	0.811	0.957	1.159		
		0.027	0.028	0.027	0.027	0.028	0.028	0.03	0.027	0.026	0.027	0.027	0.028		
		
420	20.70	0.369	0.607	0.312	0.732	0.648	0.756	0.568	0.277	0.568	0.261	0.6	1.065		
		0.458	0.89	0.628	0.907	0.784	1.1	0.91	0.427	0.71	0.468	0.739	1.39		
		0.51	0.944	0.552	0.959	0.871	1.034	0.745	0.384	0.756	0.569	0.739	1.107		
		0.535	0.964	0.654	0.972	0.855	1.072	0.772	0.422	0.777	0.737	0.815	1.121		
		0.562	1.011	0.67	0.925	0.923	1.064	0.805	0.404	0.769	0.765	0.815	1.152		
		0.564	1.057	0.732	0.956	0.94	1.111	0.846	0.428	0.888	0.754	0.865	1.062		
		0.573	1.04	0.796	0.957	0.936	1.122	0.793	0.453	0.917	0.756	0.896	1.078		
		0.026	0.027	0.027	0.027	0.028	0.027	0.029	0.027	0.026	0.027	0.027	0.028		
		
430	20.70	0.398	0.637	0.33	0.773	0.689	0.804	0.609	0.294	0.606	0.274	0.639	1.016		
		0.438	0.853	0.642	0.95	0.821	1.143	0.922	0.425	0.679	0.453	0.702	1.415		
		0.482	0.901	0.526	0.925	0.836	0.982	0.704	0.364	0.715	0.539	0.699	1.043		
		0.506	0.909	0.618	0.917	0.807	1.009	0.727	0.4	0.73	0.692	0.768	1.055		
		0.53	0.948	0.63	0.872	0.867	1.001	0.755	0.382	0.72	0.719	0.765	1.082		
		0.529	0.99	0.686	0.898	0.882	1.042	0.793	0.401	0.832	0.705	0.81	0.998		
		0.538	0.975	0.745	0.897	0.878	1.052	0.743	0.424	0.857	0.707	0.837	1.007		
		0.027	0.027	0.027	0.027	0.027	0.027	0.029	0.026	0.026	0.027	0.027	0.027		
		
440	20.70	0.426	0.668	0.349	0.813	0.731	0.846	0.647	0.314	0.648	0.287	0.677	0.971		
		0.416	0.811	0.642	0.984	0.851	1.168	0.916	0.415	0.645	0.436	0.665	1.409		
		0.46	0.855	0.499	0.885	0.797	0.927	0.665	0.345	0.683	0.52	0.673	1.004		
		0.487	0.874	0.595	0.881	0.776	0.973	0.694	0.38	0.695	0.657	0.736	1.009		
		0.508	0.901	0.599	0.838	0.827	0.959	0.715	0.36	0.687	0.683	0.726	1.027		
		0.503	0.938	0.65	0.855	0.84	0.994	0.75	0.38	0.787	0.668	0.766	0.946		
		0.509	0.922	0.703	0.849	0.831	0.996	0.699	0.4	0.809	0.666	0.788	0.954		
		0.026	0.027	0.027	0.027	0.027	0.027	0.029	0.026	0.026	0.026	0.027	0.027		
		
450	20.70	0.448	0.692	0.365	0.845	0.76	0.881	0.676	0.331	0.674	0.297	0.705	0.926		
		0.396	0.773	0.62	0.994	0.857	1.164	0.883	0.396	0.616	0.415	0.632	1.356		
		0.448	0.814	0.476	0.844	0.758	0.883	0.636	0.332	0.679	0.514	0.667	0.992		
		0.484	0.866	0.589	0.873	0.77	0.965	0.681	0.374	0.682	0.643	0.726	0.999		
		0.499	0.879	0.585	0.83	0.811	0.943	0.694	0.35	0.67	0.668	0.708	1.003		
		0.49	0.913	0.631	0.837	0.82	0.97	0.727	0.368	0.763	0.648	0.742	0.92		
		0.493	0.894	0.679	0.824	0.807	0.97	0.675	0.384	0.78	0.641	0.759	0.923		
		0.026	0.027	0.026	0.026	0.027	0.027	0.028	0.026	0.026	0.026	0.026	0.027		
		
460	20.70	0.469	0.711	0.383	0.871	0.792	0.915	0.7	0.348	0.701	0.305	0.733	0.863		
		0.373	0.721	0.578	0.981	0.843	1.124	0.818	0.37	0.576	0.389	0.594	1.255		
		0.439	0.762	0.448	0.788	0.709	0.828	0.602	0.318	0.679	0.518	0.67	0.989		
		0.485	0.864	0.589	0.872	0.772	0.964	0.673	0.372	0.672	0.631	0.721	0.991		
		0.496	0.86	0.576	0.827	0.802	0.931	0.677	0.342	0.659	0.657	0.694	0.985		
		0.48	0.888	0.614	0.825	0.806	0.95	0.707	0.358	0.742	0.63	0.72	0.896		
		0.478	0.868	0.655	0.802	0.787	0.941	0.65	0.371	0.754	0.617	0.73	0.89		
		0.026	0.026	0.026	0.026	0.027	0.026	0.028	0.025	0.025	0.026	0.026	0.027		
		
470	20.70	0.479	0.73	0.395	0.898	0.817	0.939	0.718	0.364	0.712	0.306	0.741	0.779		
		0.339	0.646	0.509	0.947	0.813	1.057	0.719	0.33	0.517	0.35	0.536	1.106		
		0.423	0.683	0.405	0.703	0.636	0.745	0.55	0.297	0.682	0.514	0.668	0.987		
		0.483	0.867	0.586	0.874	0.772	0.967	0.659	0.367	0.655	0.611	0.713	0.984		
		0.487	0.837	0.558	0.828	0.785	0.92	0.648	0.328	0.639	0.638	0.67	0.961		
		0.464	0.857	0.587	0.804	0.781	0.924	0.675	0.34	0.71	0.601	0.686	0.866		
		0.455	0.832	0.619	0.768	0.754	0.903	0.614	0.35	0.714	0.579	0.686	0.848		
		0.026	0.026	0.026	0.026	0.026	0.026	0.028	0.026	0.025	0.026	0.027	0.027		
		
480	20.70	0.488	0.75	0.411	0.924	0.842	0.963	0.73	0.371	0.724	0.306	0.75	0.668		
		0.296	0.557	0.427	0.897	0.766	0.95	0.591	0.277	0.448	0.301	0.468	0.905		
		0.408	0.587	0.352	0.598	0.547	0.645	0.493	0.271	0.695	0.527	0.682	0.999		
		0.496	0.882	0.595	0.889	0.788	0.984	0.654	0.365	0.645	0.596	0.713	0.988		
		0.49	0.816	0.549	0.842	0.776	0.915	0.62	0.314	0.624	0.625	0.651	0.939		
		0.449	0.824	0.562	0.79	0.761	0.902	0.644	0.322	0.677	0.573	0.651	0.835		
		0.436	0.795	0.582	0.736	0.724	0.863	0.575	0.326	0.671	0.543	0.638	0.803		
		0.026	0.026	0.026	0.025	0.026	0.026	0.028	0.025	0.025	0.026	0.026	0.026		
		
490	20.70	0.49	0.769	0.423	0.941	0.859	0.976	0.742	0.385	0.731	0.303	0.758	0.578		
		0.258	0.476	0.353	0.851	0.726	0.863	0.48	0.232	0.387	0.257	0.411	0.731		
		0.406	0.508	0.306	0.508	0.468	0.562	0.446	0.252	0.736	0.557	0.723	1.047		
		0.525	0.934	0.63	0.941	0.835	1.038	0.675	0.376	0.66	0.605	0.746	1.028		
		0.507	0.825	0.556	0.889	0.797	0.943	0.615	0.309	0.634	0.636	0.656	0.948		
		0.449	0.823	0.558	0.807	0.771	0.913	0.636	0.311	0.67	0.567	0.64	0.834		
		0.427	0.786	0.566	0.73	0.719	0.853	0.556	0.31	0.653	0.518	0.612	0.785		
		0.026	0.026	0.026	0.026	0.027	0.026	0.028	0.026	0.025	0.026	0.027	0.027		
		
500	20.70	0.483	0.77	0.424	0.947	0.86	0.978	0.737	0.387	0.721	0.299	0.748	0.497		
		0.228	0.407	0.279	0.793	0.677	0.767	0.368	0.19	0.333	0.221	0.363	0.557		
		0.425	0.437	0.27	0.428	0.398	0.491	0.413	0.243	0.825	0.626	0.811	1.171		
		0.589	1.046	0.705	1.056	0.938	1.17	0.736	0.409	0.714	0.645	0.82	1.139		
		0.556	0.878	0.595	0.994	0.863	1.036	0.642	0.321	0.678	0.682	0.697	1.017		
		0.473	0.862	0.581	0.868	0.821	0.974	0.66	0.318	0.696	0.588	0.66	0.877		
		0.441	0.814	0.573	0.758	0.748	0.884	0.56	0.31	0.663	0.517	0.611	0.802		
		0.026	0.027	0.027	0.027	0.027	0.027	0.029	0.026	0.026	0.026	0.027	0.027		
		
510	20.70	0.472	0.772	0.431	0.95	0.855	0.976	0.727	0.386	0.711	0.295	0.737	0.455		
		0.213	0.369	0.22	0.749	0.634	0.698	0.281	0.159	0.304	0.196	0.343	0.419		
		0.479	0.401	0.251	0.38	0.36	0.46	0.413	0.251	0.981	0.744	0.969	1.398		
		0.703	1.255	0.835	1.266	1.124	1.404	0.855	0.476	0.823	0.74	0.966	1.351		
		0.65	1.011	0.684	1.186	1.006	1.216	0.72	0.356	0.775	0.783	0.793	1.174		
		0.535	0.978	0.651	1.006	0.944	1.123	0.739	0.347	0.778	0.657	0.733	0.997		
		0.487	0.913	0.628	0.852	0.843	0.992	0.61	0.332	0.727	0.557	0.66	0.888		
		0.026	0.027	0.026	0.026	0.027	0.027	0.028	0.026	0.026	0.026	0.027	0.027		
		
520	20.70	0.451	0.767	0.418	0.938	0.839	0.96	0.712	0.381	0.7	0.288	0.719	0.457		
		0.216	0.366	0.178	0.712	0.601	0.639	0.223	0.141	0.303	0.188	0.353	0.329		
		0.562	0.403	0.254	0.368	0.356	0.471	0.446	0.276	1.193	0.904	1.182	1.701		
		0.849	1.537	1.017	1.547	1.373	1.713	1.029	0.569	0.987	0.875	1.171	1.641		
		0.781	1.206	0.811	1.447	1.212	1.473	0.843	0.413	0.925	0.933	0.941	1.408		
		0.628	1.156	0.763	1.207	1.123	1.342	0.861	0.398	0.912	0.767	0.853	1.178		
		0.566	1.074	0.725	1.003	0.993	1.168	0.702	0.375	0.84	0.637	0.756	1.035		
		0.026	0.026	0.026	0.026	0.027	0.026	0.028	0.026	0.026	0.026	0.026	0.027		
		
530	20.70	0.429	0.752	0.403	0.92	0.817	0.936	0.688	0.364	0.671	0.272	0.692	0.496		
		0.233	0.393	0.15	0.672	0.566	0.583	0.186	0.137	0.326	0.198	0.388	0.268		
		0.678	0.436	0.275	0.387	0.38	0.521	0.512	0.317	1.475	1.116	1.459	2.102		
		1.05	1.905	1.254	1.919	1.698	2.122	1.263	0.692	1.205	1.067	1.443	2.025		
		0.954	1.472	0.991	1.789	1.483	1.812	1.024	0.494	1.127	1.14	1.145	1.718		
		0.76	1.405	0.92	1.473	1.37	1.641	1.043	0.473	1.099	0.925	1.031	1.434		
		0.676	1.298	0.866	1.214	1.201	1.412	0.837	0.44	1.01	0.755	0.899	1.247		
		0.025	0.026	0.026	0.026	0.027	0.026	0.028	0.026	0.025	0.026	0.026	0.026		
		
540	20.70	0.404	0.731	0.394	0.887	0.785	0.897	0.658	0.347	0.638	0.255	0.661	0.572		
		0.268	0.455	0.13	0.629	0.526	0.533	0.167	0.142	0.376	0.222	0.459	0.236		
		0.856	0.508	0.319	0.441	0.436	0.609	0.621	0.386	1.904	1.446	1.888	2.691		
		1.347	2.455	1.621	2.466	2.197	2.737	1.62	0.878	1.545	1.362	1.856	2.607		
		1.226	1.884	1.263	2.307	1.905	2.325	1.294	0.617	1.437	1.454	1.46	2.196		
		0.957	1.79	1.158	1.895	1.759	2.093	1.316	0.59	1.393	1.163	1.305	1.826		
		0.848	1.647	1.082	1.54	1.524	1.789	1.039	0.541	1.264	0.934	1.116	1.571		
		0.026	0.026	0.027	0.026	0.027	0.026	0.028	0.026	0.026	0.026	0.026	0.027		
		
550	20.70	0.382	0.711	0.373	0.862	0.754	0.868	0.636	0.33	0.609	0.243	0.636	0.663		
		0.309	0.523	0.122	0.601	0.498	0.504	0.164	0.156	0.432	0.252	0.532	0.227		
		1.02	0.587	0.367	0.505	0.503	0.708	0.726	0.455	2.304	1.739	2.273	3.205		
		1.63	2.957	1.962	2.968	2.648	3.246	1.955	1.056	1.861	1.638	2.233	3.103		
		1.473	2.275	1.517	2.79	2.295	2.791	1.554	0.73	1.732	1.754	1.761	2.638		
		1.144	2.152	1.391	2.277	2.107	2.522	1.578	0.698	1.67	1.398	1.555	2.187		
		1.007	1.978	1.293	1.847	1.829	2.149	1.242	0.641	1.513	1.112	1.335	1.886		
		0.026	0.026	0.026	0.026	0.027	0.026	0.028	0.026	0.026	0.026	0.026	0.027		
		
560	20.70	0.356	0.691	0.365	0.833	0.721	0.833	0.602	0.306	0.574	0.22	0.6	0.771		
		0.356	0.612	0.116	0.562	0.463	0.472	0.167	0.173	0.504	0.29	0.616	0.226		
		1.064	0.688	0.426	0.591	0.588	0.826	0.815	0.495	2.333	1.763	2.297	3.121		
		1.651	2.929	1.989	2.934	2.656	3.139	2.012	1.083	1.924	1.706	2.276	3.053		
		1.506	2.355	1.577	2.78	2.351	2.808	1.637	0.77	1.797	1.819	1.832	2.698		
		1.197	2.251	1.469	2.346	2.186	2.597	1.671	0.741	1.767	1.478	1.651	2.288		
		1.069	2.081	1.388	1.947	1.924	2.253	1.342	0.695	1.622	1.208	1.447	2.002		
		0.026	0.026	0.026	0.026	0.027	0.026	0.028	0.026	0.025	0.026	0.026	0.027		
		
570	20.80	0.323	0.678	0.334	0.801	0.684	0.797	0.558	0.27	0.518	0.177	0.54	0.895		
		0.407	0.711	0.102	0.498	0.403	0.416	0.168	0.192	0.582	0.333	0.695	0.225		
		0.927	0.796	0.487	0.686	0.682	0.944	0.854	0.493	1.865	1.403	1.847	2.671		
		1.32	2.417	1.603	2.425	2.145	2.665	1.688	0.904	1.633	1.47	1.878	2.611		
		1.246	2.04	1.351	2.276	1.988	2.372	1.469	0.702	1.549	1.558	1.596	2.349		
		1.055	1.993	1.32	2.005	1.886	2.256	1.511	0.697	1.596	1.339	1.509	2.02		
		0.978	1.877	1.304	1.745	1.72	2.031	1.274	0.679	1.52	1.169	1.397	1.85		
		0.026	0.027	0.027	0.026	0.027	0.026	0.029	0.026	0.026	0.026	0.026	0.027		
		
580	20.80	0.289	0.656	0.312	0.76	0.641	0.751	0.517	0.23	0.46	0.133	0.479	1.014		
		0.457	0.805	0.092	0.431	0.344	0.359	0.174	0.215	0.66	0.376	0.777	0.23		
		0.811	0.9	0.547	0.781	0.777	1.062	0.897	0.495	1.478	1.103	1.453	2.153		
		1.035	1.908	1.272	1.919	1.693	2.121	1.404	0.757	1.385	1.273	1.532	2.137		
		1.024	1.766	1.165	1.811	1.667	1.958	1.327	0.645	1.337	1.337	1.396	2.027		
		0.934	1.777	1.198	1.705	1.632	1.952	1.375	0.662	1.454	1.225	1.392	1.797		
		0.908	1.705	1.242	1.582	1.552	1.845	1.227	0.673	1.443	1.147	1.365	1.724		
		0.026	0.026	0.027	0.026	0.027	0.027	0.029	0.027	0.026	0.026	0.027	0.027		
		
590	20.80	0.253	0.623	0.284	0.713	0.587	0.692	0.466	0.189	0.403	0.096	0.42	1.155		
		0.515	0.922	0.086	0.373	0.291	0.308	0.186	0.24	0.75	0.425	0.873	0.241		
		0.785	1.027	0.62	0.89	0.881	1.202	0.98	0.523	1.289	0.973	1.272	1.918		
		0.908	1.675	1.124	1.691	1.484	1.862	1.3	0.699	1.298	1.218	1.385	1.928		
		0.938	1.684	1.108	1.594	1.552	1.793	1.31	0.642	1.272	1.267	1.34	1.926		
		0.909	1.733	1.187	1.606	1.558	1.858	1.368	0.675	1.444	1.221	1.398	1.746		
		0.913	1.691	1.273	1.564	1.529	1.826	1.266	0.705	1.473	1.197	1.423	1.739		
		0.026	0.026	0.026	0.026	0.027	0.026	0.028	0.026	0.026	0.026	0.026	0.027		
		
600	20.80	0.217	0.563	0.242	0.641	0.514	0.616	0.407	0.151	0.341	0.075	0.357	1.299		
		0.576	1.037	0.087	0.327	0.245	0.272	0.2	0.267	0.839	0.476	0.975	0.261		
		0.816	1.155	0.692	1.002	0.994	1.35	1.08	0.568	1.29	0.964	1.266	1.92		
		0.902	1.667	1.123	1.685	1.477	1.855	1.327	0.713	1.338	1.262	1.402	1.946		
		0.953	1.746	1.146	1.592	1.59	1.823	1.379	0.677	1.319	1.31	1.393	1.99		
		0.949	1.813	1.249	1.654	1.614	1.925	1.445	0.718	1.523	1.289	1.48	1.825		
		0.966	1.781	1.359	1.645	1.606	1.923	1.356	0.758	1.571	1.288	1.529	1.845		
		0.026	0.026	0.026	0.026	0.026	0.026	0.028	0.026	0.026	0.026	0.026	0.026		
		
610	20.80	0.183	0.491	0.203	0.557	0.438	0.532	0.348	0.123	0.286	0.062	0.3	1.416		
		0.622	1.129	0.09	0.284	0.208	0.239	0.214	0.288	0.913	0.515	1.053	0.28		
		0.849	1.257	0.75	1.095	1.081	1.467	1.156	0.603	1.318	0.987	1.295	1.972		
		0.922	1.709	1.152	1.728	1.513	1.903	1.373	0.735	1.383	1.311	1.445	2.003		
		0.981	1.813	1.189	1.633	1.645	1.881	1.442	0.706	1.368	1.358	1.449	2.066		
		0.987	1.891	1.304	1.716	1.676	1.999	1.509	0.75	1.59	1.346	1.548	1.902		
		1.009	1.858	1.424	1.717	1.677	2.006	1.422	0.795	1.647	1.351	1.606	1.932		
		0.026	0.027	0.027	0.026	0.027	0.026	0.029	0.026	0.026	0.026	0.026	0.027		
		
620	20.80	0.157	0.425	0.17	0.478	0.368	0.456	0.295	0.104	0.237	0.055	0.252	1.445		
		0.633	1.158	0.09	0.245	0.179	0.215	0.221	0.293	0.933	0.526	1.074	0.286		
		0.84	1.288	0.76	1.124	1.108	1.497	1.168	0.601	1.299	0.967	1.271	1.937		
		0.903	1.681	1.13	1.696	1.484	1.869	1.353	0.72	1.365	1.291	1.42	1.968		
		0.963	1.789	1.17	1.602	1.619	1.848	1.422	0.694	1.348	1.34	1.429	2.035		
		0.971	1.864	1.285	1.688	1.65	1.968	1.489	0.736	1.568	1.33	1.527	1.875		
		0.994	1.833	1.408	1.692	1.652	1.975	1.406	0.781	1.627	1.336	1.587	1.906		
		0.026	0.026	0.026	0.026	0.027	0.026	0.028	0.026	0.026	0.026	0.027	0.027		
		
630	20.80	0.135	0.371	0.15	0.416	0.318	0.396	0.253	0.088	0.203	0.049	0.213	1.337		
		0.582	1.074	0.085	0.213	0.155	0.191	0.208	0.272	0.859	0.486	0.981	0.27		
		0.759	1.191	0.701	1.04	1.025	1.381	1.063	0.546	1.156	0.867	1.138	1.737		
		0.807	1.51	1.012	1.518	1.327	1.678	1.207	0.644	1.218	1.155	1.267	1.767		
		0.86	1.6	1.046	1.433	1.446	1.654	1.273	0.621	1.204	1.198	1.276	1.821		
		0.868	1.672	1.152	1.509	1.477	1.769	1.331	0.661	1.398	1.186	1.368	1.679		
		0.887	1.64	1.258	1.514	1.479	1.77	1.255	0.702	1.454	1.191	1.422	1.707		
		0.026	0.026	0.026	0.026	0.027	0.026	0.028	0.026	0.025	0.026	0.026	0.027		
		
640	20.80	0.123	0.33	0.131	0.371	0.282	0.352	0.224	0.079	0.178	0.047	0.189	1.091		
		0.474	0.875	0.075	0.188	0.141	0.169	0.176	0.226	0.7	0.4	0.796	0.227		
		0.607	0.973	0.571	0.85	0.836	1.119	0.86	0.441	0.926	0.693	0.904	1.381		
		0.645	1.201	0.8	1.204	1.055	1.328	0.962	0.511	0.968	0.916	1.005	1.407		
		0.685	1.275	0.83	1.139	1.149	1.305	1.01	0.494	0.952	0.951	1.012	1.448		
		0.692	1.327	0.91	1.196	1.169	1.404	1.055	0.526	1.109	0.942	1.081	1.333		
		0.707	1.301	0.996	1.2	1.172	1.403	0.995	0.558	1.153	0.945	1.123	1.352		
		0.026	0.026	0.026	0.026	0.027	0.026	0.028	0.026	0.026	0.026	0.026	0.026		
		
650	20.80	0.113	0.301	0.122	0.338	0.256	0.32	0.204	0.073	0.161	0.044	0.171	0.779		
		0.346	0.635	0.063	0.169	0.126	0.149	0.136	0.17	0.511	0.292	0.579	0.173		
		0.435	0.705	0.415	0.619	0.606	0.806	0.618	0.318	0.657	0.493	0.643	0.979		
		0.459	0.851	0.575	0.853	0.747	0.942	0.682	0.365	0.686	0.649	0.712	0.995		
		0.487	0.902	0.591	0.803	0.813	0.923	0.714	0.353	0.678	0.675	0.716	1.025		
		0.492	0.932	0.645	0.843	0.825	0.988	0.744	0.374	0.785	0.67	0.766	0.939		
		0.503	0.92	0.702	0.848	0.824	0.986	0.701	0.398	0.81	0.671	0.793	0.952		
		0.026	0.026	0.026	0.026	0.027	0.026	0.028	0.025	0.025	0.026	0.026	0.027		
		
660	20.80	0.104	0.277	0.11	0.309	0.234	0.294	0.186	0.068	0.145	0.042	0.153	0.5		
		0.227	0.406	0.052	0.151	0.111	0.13	0.096	0.116	0.328	0.191	0.369	0.118		
		0.277	0.448	0.269	0.396	0.387	0.515	0.393	0.208	0.416	0.313	0.407	0.616		
		0.292	0.538	0.362	0.537	0.47	0.592	0.43	0.236	0.431	0.411	0.449	0.623		
		0.311	0.567	0.374	0.505	0.511	0.581	0.452	0.228	0.428	0.421	0.452	0.643		
		0.312	0.587	0.408	0.53	0.519	0.62	0.47	0.24	0.493	0.419	0.482	0.589		
		0.319	0.568	0.443	0.533	0.519	0.616	0.444	0.255	0.506	0.42	0.499	0.6		
		0.025	0.025	0.026	0.025	0.026	0.025	0.027	0.025	0.025	0.025	0.025	0.026		
		
670	20.90	0.1	0.261	0.106	0.289	0.218	0.274	0.173	0.065	0.137	0.041	0.145	0.306		
		0.147	0.253	0.044	0.142	0.105	0.121	0.07	0.081	0.205	0.127	0.229	0.084		
		0.176	0.279	0.171	0.244	0.24	0.315	0.245	0.134	0.256	0.196	0.251	0.373		
		0.184	0.324	0.224	0.327	0.287	0.359	0.264	0.15	0.263	0.253	0.276	0.375		
		0.195	0.345	0.231	0.31	0.312	0.354	0.277	0.147	0.262	0.263	0.279	0.39		
		0.196	0.357	0.251	0.322	0.315	0.375	0.286	0.153	0.3	0.258	0.294	0.358		
		0.2	0.35	0.271	0.321	0.317	0.373	0.272	0.161	0.312	0.26	0.305	0.363		
		0.026	0.026	0.026	0.026	0.027	0.026	0.028	0.026	0.026	0.026	0.026	0.027		
		
680	20.90	0.092	0.243	0.098	0.269	0.203	0.255	0.161	0.061	0.127	0.04	0.135	0.176		
		0.09	0.145	0.039	0.129	0.097	0.109	0.052	0.057	0.121	0.08	0.134	0.06		
		0.106	0.161	0.103	0.142	0.139	0.18	0.141	0.084	0.149	0.116	0.144	0.21		
		0.109	0.185	0.13	0.185	0.165	0.202	0.151	0.091	0.152	0.144	0.158	0.211		
		0.115	0.193	0.135	0.175	0.177	0.197	0.158	0.09	0.151	0.151	0.159	0.217		
		0.115	0.2	0.144	0.182	0.179	0.209	0.164	0.093	0.171	0.147	0.168	0.201		
		0.118	0.197	0.156	0.183	0.18	0.209	0.156	0.098	0.177	0.15	0.174	0.205		
		0.026	0.026	0.026	0.026	0.026	0.025	0.028	0.026	0.025	0.026	0.026	0.026		
		
690	20.90	0.09	0.23	0.095	0.254	0.193	0.241	0.154	0.062	0.12	0.039	0.127	0.11		
		0.063	0.094	0.036	0.123	0.094	0.105	0.043	0.045	0.081	0.057	0.087	0.047		
		0.072	0.101	0.071	0.093	0.092	0.111	0.092	0.06	0.098	0.077	0.094	0.128		
		0.072	0.114	0.086	0.114	0.103	0.122	0.097	0.063	0.096	0.093	0.1	0.128		
		0.079	0.119	0.089	0.11	0.11	0.121	0.101	0.065	0.097	0.097	0.101	0.133		
		0.076	0.122	0.093	0.113	0.111	0.127	0.103	0.064	0.107	0.095	0.106	0.122		
		0.08	0.121	0.099	0.114	0.113	0.127	0.099	0.067	0.111	0.097	0.109	0.125		
		0.025	0.025	0.025	0.025	0.026	0.024	0.027	0.025	0.024	0.025	0.025	0.026		
		
700	20.90	0.084	0.218	0.09	0.241	0.182	0.228	0.143	0.057	0.112	0.039	0.119	0.069		
		0.047	0.061	0.034	0.115	0.087	0.096	0.037	0.039	0.055	0.044	0.058	0.039		
		0.052	0.065	0.051	0.061	0.061	0.07	0.06	0.046	0.064	0.054	0.061	0.078		
		0.051	0.07	0.057	0.071	0.066	0.075	0.062	0.046	0.062	0.06	0.063	0.078		
		0.054	0.074	0.059	0.069	0.069	0.074	0.064	0.047	0.063	0.063	0.065	0.081		
		0.054	0.075	0.061	0.07	0.069	0.078	0.066	0.047	0.068	0.062	0.067	0.075		
		0.054	0.074	0.064	0.071	0.07	0.078	0.064	0.049	0.069	0.062	0.069	0.077		
		0.025	0.025	0.025	0.025	0.026	0.024	0.027	0.025	0.024	0.025	0.025	0.026		
		
710	20.90	0.083	0.208	0.089	0.229	0.173	0.217	0.138	0.058	0.109	0.041	0.115	0.054		
		0.041	0.049	0.034	0.112	0.085	0.096	0.035	0.036	0.046	0.039	0.048	0.037		
		0.042	0.051	0.042	0.047	0.049	0.054	0.048	0.039	0.052	0.044	0.049	0.058		
		0.041	0.053	0.046	0.054	0.051	0.056	0.049	0.039	0.047	0.048	0.05	0.057		
		0.046	0.056	0.048	0.054	0.054	0.056	0.051	0.043	0.051	0.05	0.051	0.06		
		0.044	0.055	0.049	0.054	0.052	0.058	0.05	0.04	0.05	0.049	0.051	0.055		
		0.047	0.057	0.049	0.055	0.055	0.059	0.051	0.042	0.054	0.05	0.054	0.059		
		0.028	0.028	0.028	0.028	0.028	0.028	0.03	0.028	0.027	0.028	0.028	0.029		
		
720	20.90	0.08	0.199	0.085	0.218	0.165	0.206	0.132	0.057	0.104	0.04	0.111	0.045		
		0.037	0.04	0.035	0.107	0.082	0.091	0.034	0.034	0.039	0.038	0.041	0.037		
		0.038	0.041	0.038	0.04	0.04	0.043	0.04	0.036	0.043	0.038	0.041	0.047		
		0.037	0.042	0.04	0.043	0.041	0.045	0.04	0.035	0.04	0.04	0.042	0.044		
		0.041	0.046	0.042	0.046	0.045	0.047	0.044	0.04	0.044	0.043	0.044	0.049		
		0.039	0.045	0.041	0.043	0.043	0.045	0.042	0.037	0.043	0.042	0.043	0.045		
		0.04	0.047	0.042	0.046	0.046	0.048	0.044	0.038	0.044	0.044	0.045	0.048		
		0.028	0.028	0.028	0.028	0.029	0.028	0.03	0.028	0.028	0.028	0.028	0.029		
		
730	20.90	0.078	0.191	0.083	0.21	0.159	0.197	0.127	0.056	0.1	0.04	0.107	0.041		
		0.037	0.039	0.036	0.103	0.079	0.087	0.036	0.036	0.038	0.036	0.039	0.037		
		0.038	0.04	0.038	0.04	0.04	0.041	0.039	0.037	0.042	0.038	0.04	0.042		
		0.035	0.04	0.038	0.041	0.04	0.041	0.039	0.036	0.037	0.039	0.039	0.042		
		0.037	0.04	0.038	0.04	0.039	0.04	0.039	0.036	0.038	0.038	0.039	0.042		
		0.037	0.042	0.04	0.042	0.042	0.042	0.041	0.038	0.039	0.039	0.042	0.043		
		0.039	0.042	0.041	0.043	0.043	0.043	0.041	0.039	0.042	0.041	0.041	0.044		
		0.026	0.026	0.026	0.026	0.027	0.026	0.028	0.026	0.026	0.026	0.026	0.027		
		
740	20.90	0.074	0.181	0.078	0.199	0.151	0.188	0.12	0.053	0.095	0.038	0.102	0.038		
		0.035	0.036	0.034	0.098	0.077	0.083	0.034	0.034	0.036	0.035	0.036	0.035		
		0.038	0.039	0.038	0.039	0.039	0.04	0.038	0.037	0.041	0.038	0.039	0.041		
		0.035	0.037	0.035	0.038	0.037	0.037	0.036	0.034	0.036	0.036	0.037	0.039		
		0.037	0.039	0.037	0.039	0.039	0.039	0.038	0.036	0.038	0.038	0.038	0.04		
		0.037	0.039	0.038	0.039	0.039	0.04	0.039	0.037	0.039	0.038	0.039	0.04		
		0.038	0.04	0.039	0.04	0.04	0.04	0.039	0.037	0.039	0.039	0.039	0.041		
		0.027	0.028	0.028	0.027	0.028	0.028	0.03	0.028	0.027	0.027	0.028	0.028		
		
750	20.90	0.071	0.174	0.076	0.191	0.144	0.18	0.116	0.051	0.091	0.037	0.097	0.037		
		0.035	0.035	0.034	0.095	0.074	0.082	0.034	0.034	0.035	0.035	0.035	0.035		
		0.035	0.035	0.035	0.035	0.036	0.036	0.035	0.034	0.038	0.035	0.035	0.037		
		0.034	0.035	0.035	0.036	0.036	0.035	0.035	0.034	0.035	0.035	0.035	0.036		
		0.036	0.037	0.036	0.037	0.037	0.038	0.037	0.036	0.037	0.036	0.037	0.039		
		0.036	0.037	0.036	0.037	0.037	0.038	0.037	0.035	0.037	0.036	0.038	0.038		
		0.037	0.039	0.038	0.039	0.039	0.039	0.038	0.037	0.038	0.038	0.038	0.04		
		0.027	0.028	0.027	0.027	0.028	0.027	0.03	0.027	0.027	0.027	0.027	0.028		
		
~End
Copyright © 2004 Molecular Devices. All rights reserved.
