##BLOCKS= 2          
Plate:	Plate#1	1.3	PlateFormat	Spectrum	Absorbance	Raw	FALSE	41			350	750	10			1	12	96	1	8	None	
Wavelength(nm)	Temperature(¡C)	1	2	3	4	5	6	7	8	9	10	11	12		
350	21.30	0.562	0.558	0.497	0.733	0.679	0.596	0.721	0.61	0.58	0.585	0.553	0.585		
		0.713	0.763	0.403	0.585	0.532	0.502	0.597	0.556	0.561	0.526	0.524	0.527		
		0.715	0.694	0.462	0.62	0.748	0.517	0.566	0.576	0.655	0.74	0.738	0.771		
		0.915	0.874	0.516	0.794	0.743	0.686	0.715	0.703	0.702	0.705	0.712	0.725		
		0.854	0.837	0.491	0.68	0.794	0.748	0.812	0.739	0.457	0.559	0.541	0.539		
		0.791	0.72	0.454	0.587	0.525	0.513	0.585	0.517	0.509	0.485	0.514	0.508		
		0.68	0.653	0.419	0.578	0.539	0.723	0.578	0.583	0.677	0.839	0.75	0.86		
		0.065	0.06	0.061	0.065	0.063	0.06	0.06	0.062	0.068	0.065	0.066	0.074		
		
360	21.30	0.551	0.533	0.472	0.698	0.66	0.608	0.738	0.659	0.631	0.656	0.585	0.652		
		0.838	0.82	0.468	0.697	0.63	0.595	0.693	0.647	0.669	0.616	0.619	0.635		
		0.872	0.842	0.556	0.757	0.942	0.621	0.685	0.701	0.813	0.931	0.928	0.975		
		1.147	1.097	0.63	1.002	0.922	0.85	0.885	0.868	0.869	0.869	0.875	0.893		
		1.055	1.041	0.423	0.721	0.73	0.731	0.775	0.741	0.428	0.603	0.583	0.597		
		0.886	0.8	0.509	0.683	0.616	0.601	0.659	0.612	0.6	0.572	0.598	0.6		
		0.824	0.78	0.493	0.694	0.642	0.912	0.701	0.701	0.846	1.057	0.937	1.086		
		0.056	0.052	0.052	0.056	0.054	0.051	0.05	0.053	0.059	0.056	0.056	0.063		
		
370	21.20	0.531	0.517	0.46	0.681	0.661	0.63	0.778	0.731	0.707	0.743	0.636	0.739		
		0.974	0.906	0.539	0.815	0.739	0.694	0.8	0.752	0.785	0.716	0.722	0.743		
		1.038	0.995	0.652	0.897	1.125	0.731	0.812	0.831	0.97	1.11	1.106	1.159		
		1.359	1.307	0.739	1.188	1.096	1.007	1.051	1.03	1.032	1.029	1.035	1.056		
		1.252	1.228	0.322	0.66	0.53	0.724	0.728	0.742	0.428	0.666	0.643	0.669		
		1.006	0.906	0.576	0.793	0.716	0.701	0.753	0.721	0.703	0.669	0.691	0.7		
		0.976	0.919	0.575	0.819	0.755	1.092	0.827	0.828	1.007	1.258	1.11	1.295		
		0.043	0.042	0.042	0.043	0.043	0.042	0.041	0.041	0.045	0.043	0.044	0.048		
		
380	21.20	0.53	0.514	0.471	0.696	0.687	0.679	0.857	0.833	0.806	0.854	0.712	0.845		
		1.139	1.033	0.62	0.949	0.861	0.807	0.931	0.872	0.913	0.833	0.839	0.861		
		1.202	1.159	0.745	1.036	1.267	0.848	0.943	0.961	1.102	1.24	1.24	1.298		
		1.54	1.474	0.829	1.335	1.234	1.133	1.186	1.162	1.159	1.157	1.164	1.188		
		1.428	1.402	0.319	0.624	0.409	0.731	0.726	0.764	0.477	0.758	0.73	0.766		
		1.164	1.047	0.662	0.92	0.832	0.813	0.87	0.835	0.818	0.778	0.799	0.807		
		1.134	1.071	0.661	0.954	0.879	1.23	0.961	0.965	1.135	1.407	1.239	1.445		
		0.033	0.034	0.034	0.033	0.033	0.035	0.033	0.032	0.033	0.034	0.034	0.034		
		
390	21.20	0.553	0.542	0.512	0.753	0.755	0.766	0.985	0.974	0.942	0.998	0.82	0.985		
		1.308	1.198	0.709	1.084	0.984	0.922	1.074	1.008	1.044	0.957	0.959	0.97		
		1.344	1.309	0.819	1.141	1.274	0.957	1.061	1.063	1.158	1.25	1.251	1.305		
		1.596	1.51	0.86	1.354	1.266	1.167	1.237	1.21	1.198	1.198	1.21	1.233		
		1.522	1.487	0.33	0.618	0.396	0.781	0.805	0.821	0.553	0.886	0.852	0.891		
		1.356	1.221	0.763	1.06	0.955	0.932	1.011	0.952	0.937	0.888	0.916	0.916		
		1.277	1.227	0.747	1.081	1	1.256	1.068	1.095	1.168	1.414	1.244	1.448		
		0.029	0.03	0.03	0.028	0.029	0.03	0.029	0.028	0.029	0.029	0.03	0.029		
		
400	21.20	0.583	0.573	0.554	0.809	0.836	0.859	1.102	1.087	1.048	1.107	0.917	1.092		
		1.417	1.331	0.757	1.158	1.05	0.986	1.167	1.089	1.115	1.029	1.026	1.018		
		1.396	1.377	0.839	1.173	1.197	1.006	1.112	1.093	1.135	1.171	1.177	1.222		
		1.539	1.439	0.833	1.277	1.211	1.12	1.202	1.173	1.154	1.156	1.173	1.194		
		1.507	1.47	0.341	0.63	0.465	0.83	0.893	0.869	0.605	0.991	0.955	0.988		
		1.501	1.359	0.837	1.145	1.029	1.001	1.116	1.014	1.003	0.946	0.983	0.972		
		1.339	1.306	0.79	1.143	1.064	1.196	1.11	1.158	1.12	1.32	1.166	1.346		
		0.028	0.029	0.029	0.027	0.027	0.029	0.028	0.027	0.028	0.028	0.028	0.027		
		
410	21.20	0.62	0.614	0.606	0.884	0.916	0.947	1.213	1.197	1.151	1.199	1.01	1.178		
		1.473	1.457	0.777	1.184	1.072	1.01	1.226	1.135	1.136	1.063	1.05	1.022		
		1.382	1.381	0.829	1.154	1.1	1.011	1.113	1.079	1.08	1.08	1.086	1.123		
		1.441	1.334	0.786	1.18	1.128	1.046	1.133	1.105	1.082	1.083	1.105	1.123		
		1.437	1.397	0.341	0.673	0.575	0.904	0.99	0.924	0.704	1.095	1.051	1.071		
		1.633	1.482	0.896	1.193	1.063	1.032	1.198	1.032	1.027	0.96	1.015	0.984		
		1.337	1.332	0.8	1.151	1.079	1.113	1.103	1.168	1.047	1.212	1.072	1.232		
		0.027	0.028	0.028	0.027	0.027	0.029	0.028	0.027	0.027	0.028	0.028	0.027		
		
420	21.20	0.659	0.654	0.658	0.957	0.994	1.022	1.299	1.272	1.224	1.25	1.078	1.23		
		1.464	1.549	0.763	1.151	1.048	0.987	1.236	1.136	1.105	1.051	1.027	0.981		
		1.31	1.32	0.784	1.091	1.018	0.971	1.063	1.024	1.014	1.001	1.007	1.039		
		1.329	1.232	0.728	1.089	1.047	0.971	1.052	1.028	1.006	1.008	1.027	1.043		
		1.331	1.297	0.344	0.699	0.629	0.998	1.077	0.985	0.73	1.169	1.121	1.12		
		1.713	1.56	0.928	1.191	1.055	1.02	1.238	1.003	1.004	0.93	1.005	0.952		
		1.273	1.293	0.77	1.104	1.042	1.036	1.049	1.121	0.977	1.116	0.99	1.136		
		0.027	0.028	0.028	0.027	0.027	0.028	0.028	0.026	0.027	0.027	0.028	0.027		
		
430	21.20	0.681	0.678	0.698	0.992	1.028	1.066	1.334	1.307	1.257	1.264	1.109	1.244		
		1.428	1.591	0.736	1.105	1.007	0.95	1.218	1.112	1.056	1.019	0.984	0.929		
		1.233	1.248	0.74	1.027	0.962	0.92	1.006	0.968	0.956	0.944	0.95	0.982		
		1.245	1.156	0.683	1.024	0.984	0.913	0.986	0.964	0.943	0.945	0.963	0.98		
		1.242	1.213	0.393	0.706	0.811	1.049	1.131	1.036	0.742	1.202	1.153	1.133		
		1.738	1.589	0.931	1.164	1.02	0.987	1.242	0.959	0.963	0.885	0.974	0.906		
		1.204	1.238	0.733	1.047	0.994	0.977	0.99	1.064	0.922	1.051	0.932	1.071		
		0.027	0.028	0.028	0.027	0.027	0.028	0.027	0.026	0.027	0.027	0.028	0.027		
		
440	21.20	0.695	0.692	0.727	1.025	1.045	1.084	1.34	1.312	1.261	1.248	1.117	1.227		
		1.376	1.594	0.703	1.051	0.958	0.906	1.181	1.076	1.006	0.98	0.94	0.876		
		1.161	1.176	0.698	0.974	0.921	0.87	0.952	0.915	0.91	0.907	0.911	0.942		
		1.182	1.101	0.649	0.983	0.937	0.87	0.938	0.915	0.898	0.9	0.915	0.931		
		1.172	1.145	0.388	0.709	0.669	1.088	1.157	1.096	0.756	1.206	1.156	1.122		
		1.723	1.579	0.915	1.124	0.983	0.945	1.222	0.91	0.916	0.837	0.934	0.856		
		1.135	1.175	0.693	0.989	0.946	0.933	0.938	1.006	0.879	1.008	0.893	1.03		
		0.026	0.028	0.027	0.026	0.026	0.028	0.026	0.026	0.026	0.026	0.027	0.027		
		
450	21.20	0.695	0.694	0.749	1.03	1.053	1.06	1.314	1.268	1.214	1.2	1.093	1.178		
		1.314	1.548	0.671	1.004	0.917	0.865	1.131	1.027	0.961	0.936	0.896	0.836		
		1.109	1.12	0.67	0.934	0.911	0.829	0.909	0.875	0.884	0.896	0.899	0.931		
		1.154	1.082	0.634	0.968	0.919	0.852	0.915	0.893	0.878	0.879	0.892	0.907		
		1.134	1.108	0.372	0.68	0.559	1.102	1.145	1.112	0.774	1.169	1.119	1.08		
		1.657	1.519	0.878	1.074	0.938	0.902	1.174	0.866	0.872	0.794	0.89	0.816		
		1.081	1.119	0.661	0.946	0.901	0.917	0.896	0.962	0.861	1	0.883	1.02		
		0.026	0.027	0.027	0.026	0.027	0.028	0.026	0.026	0.027	0.026	0.027	0.027		
		
460	21.20	0.685	0.682	0.759	1.015	1.031	1.016	1.232	1.19	1.133	1.109	1.028	1.089		
		1.222	1.454	0.627	0.936	0.852	0.808	1.051	0.957	0.895	0.87	0.838	0.788		
		1.05	1.052	0.639	0.886	0.903	0.78	0.853	0.832	0.858	0.89	0.892	0.926		
		1.136	1.071	0.622	0.959	0.904	0.839	0.892	0.871	0.861	0.861	0.872	0.887		
		1.1	1.076	0.389	0.637	0.5	1.094	1.092	1.099	0.75	1.092	1.044	0.999		
		1.53	1.406	0.814	1	0.873	0.843	1.088	0.811	0.814	0.744	0.831	0.766		
		1.02	1.047	0.621	0.885	0.842	0.904	0.845	0.899	0.847	0.996	0.878	1.022		
		0.026	0.028	0.027	0.026	0.026	0.027	0.026	0.026	0.026	0.026	0.027	0.027		
		
470	21.20	0.667	0.66	0.758	0.976	0.978	0.95	1.135	1.067	1.006	0.978	0.927	0.964		
		1.094	1.306	0.562	0.843	0.767	0.724	0.935	0.852	0.806	0.778	0.751	0.715		
		0.969	0.962	0.592	0.823	0.899	0.709	0.78	0.769	0.826	0.885	0.886	0.923		
		1.112	1.056	0.603	0.951	0.888	0.819	0.865	0.846	0.84	0.839	0.847	0.863		
		1.056	1.035	0.377	0.643	0.517	1.056	1.025	1.057	0.702	0.973	0.928	0.88		
		1.349	1.238	0.718	0.893	0.782	0.753	0.964	0.731	0.731	0.67	0.744	0.691		
		0.933	0.945	0.562	0.805	0.761	0.891	0.779	0.815	0.826	0.996	0.875	1.024		
		0.027	0.028	0.028	0.027	0.027	0.028	0.027	0.027	0.027	0.027	0.028	0.027		
		
480	21.20	0.646	0.636	0.752	0.918	0.913	0.845	1.014	0.9	0.837	0.799	0.797	0.789		
		0.921	1.107	0.484	0.719	0.654	0.618	0.78	0.715	0.691	0.658	0.641	0.625		
		0.864	0.841	0.539	0.743	0.903	0.619	0.685	0.691	0.789	0.888	0.888	0.929		
		1.089	1.049	0.588	0.951	0.875	0.805	0.838	0.821	0.82	0.818	0.824	0.84		
		1.002	0.984	0.381	0.646	0.546	1.014	0.968	0.986	0.631	0.818	0.775	0.725		
		1.107	1.019	0.591	0.751	0.661	0.64	0.799	0.628	0.625	0.578	0.632	0.599		
		0.821	0.809	0.492	0.7	0.657	0.882	0.692	0.709	0.812	1.006	0.884	1.039		
		0.026	0.027	0.027	0.026	0.026	0.027	0.027	0.026	0.026	0.027	0.027	0.026		
		
490	21.20	0.634	0.617	0.747	0.875	0.869	0.752	0.909	0.755	0.693	0.652	0.685	0.641		
		0.776	0.935	0.415	0.62	0.565	0.531	0.648	0.597	0.593	0.558	0.551	0.556		
		0.785	0.746	0.499	0.686	0.944	0.548	0.611	0.636	0.782	0.929	0.927	0.971		
		1.103	1.078	0.596	0.985	0.896	0.822	0.842	0.827	0.834	0.83	0.831	0.847		
		0.98	0.964	0.338	0.634	0.542	0.979	0.946	0.928	0.571	0.684	0.645	0.588		
		0.893	0.825	0.486	0.629	0.56	0.544	0.655	0.545	0.536	0.502	0.537	0.522		
		0.732	0.696	0.43	0.615	0.57	0.907	0.627	0.62	0.829	1.054	0.927	1.093		
		0.026	0.027	0.027	0.026	0.026	0.027	0.026	0.025	0.026	0.026	0.027	0.026		
		
500	21.20	0.612	0.593	0.733	0.822	0.798	0.666	0.788	0.612	0.547	0.499	0.572	0.495		
		0.637	0.754	0.353	0.53	0.481	0.452	0.523	0.488	0.509	0.464	0.468	0.499		
		0.73	0.668	0.478	0.655	1.045	0.49	0.551	0.602	0.813	1.031	1.022	1.082		
		1.188	1.178	0.635	1.087	0.969	0.884	0.889	0.876	0.892	0.887	0.882	0.9		
		1.011	0.999	0.328	0.583	0.536	0.952	0.912	0.87	0.529	0.549	0.516	0.455		
		0.685	0.63	0.381	0.514	0.465	0.456	0.51	0.47	0.457	0.438	0.45	0.458		
		0.666	0.598	0.379	0.544	0.494	0.985	0.581	0.547	0.892	1.177	1.029	1.225		
		0.026	0.027	0.027	0.026	0.026	0.027	0.026	0.026	0.026	0.026	0.026	0.026		
		
510	21.20	0.596	0.571	0.717	0.781	0.738	0.6	0.687	0.493	0.431	0.381	0.48	0.38		
		0.547	0.617	0.316	0.48	0.433	0.406	0.435	0.415	0.461	0.405	0.42	0.48		
		0.733	0.643	0.493	0.677	1.234	0.47	0.536	0.617	0.914	1.221	1.206	1.286		
		1.37	1.377	0.726	1.28	1.126	1.024	1.013	1.001	1.028	1.02	1.009	1.032		
		1.123	1.114	0.315	0.52	0.515	0.922	0.886	0.818	0.482	0.44	0.411	0.349		
		0.521	0.48	0.3	0.438	0.406	0.401	0.402	0.431	0.413	0.406	0.396	0.427		
		0.65	0.543	0.357	0.515	0.457	1.152	0.58	0.516	1.034	1.399	1.22	1.465		
		0.026	0.027	0.027	0.026	0.026	0.027	0.025	0.025	0.026	0.026	0.026	0.026		
		
520	21.20	0.577	0.552	0.703	0.75	0.701	0.547	0.592	0.412	0.35	0.308	0.415	0.309		
		0.513	0.515	0.309	0.476	0.428	0.4	0.393	0.384	0.459	0.387	0.414	0.505		
		0.796	0.675	0.545	0.75	1.499	0.491	0.568	0.681	1.076	1.477	1.465	1.563		
		1.634	1.657	0.855	1.55	1.352	1.227	1.203	1.188	1.23	1.218	1.201	1.228		
		1.312	1.304	0.379	0.427	0.418	0.899	0.867	0.764	0.466	0.366	0.339	0.282		
		0.412	0.378	0.252	0.407	0.387	0.387	0.336	0.434	0.409	0.411	0.382	0.436		
		0.691	0.542	0.366	0.533	0.462	1.382	0.628	0.533	1.239	1.703	1.482	1.781		
		0.026	0.027	0.027	0.026	0.026	0.027	0.026	0.026	0.027	0.026	0.027	0.026		
		
530	21.20	0.56	0.535	0.676	0.713	0.661	0.495	0.527	0.348	0.292	0.263	0.361	0.266		
		0.526	0.439	0.325	0.512	0.458	0.426	0.387	0.388	0.496	0.402	0.442	0.567		
		0.913	0.759	0.633	0.874	1.842	0.551	0.643	0.792	1.303	1.821	1.802	1.922		
		1.993	2.032	1.042	1.905	1.656	1.503	1.463	1.449	1.503	1.489	1.464	1.496		
		1.581	1.575	0.341	0.403	0.405	0.869	0.835	0.707	0.433	0.307	0.282	0.242		
		0.345	0.311	0.228	0.412	0.401	0.404	0.304	0.471	0.437	0.447	0.398	0.48		
		0.782	0.585	0.4	0.592	0.504	1.696	0.721	0.591	1.509	2.1	1.826	2.195		
		0.026	0.027	0.027	0.026	0.026	0.027	0.026	0.025	0.026	0.026	0.026	0.026		
		
540	21.20	0.548	0.517	0.643	0.671	0.604	0.45	0.48	0.304	0.251	0.245	0.322	0.253		
		0.581	0.383	0.369	0.587	0.524	0.488	0.419	0.428	0.571	0.454	0.507	0.674		
		1.105	0.899	0.776	1.072	2.373	0.653	0.769	0.967	1.656	2.334	2.312	2.47		
		2.542	2.598	1.318	2.45	2.13	1.921	1.857	1.847	1.918	1.904	1.867	1.912		
		1.988	1.989	0.281	0.402	0.332	0.831	0.779	0.65	0.392	0.263	0.241	0.226		
		0.312	0.273	0.225	0.456	0.452	0.459	0.304	0.545	0.504	0.521	0.45	0.559		
		0.932	0.675	0.469	0.698	0.585	2.176	0.873	0.7	1.937	2.686	2.342	2.808		
		0.026	0.027	0.027	0.026	0.026	0.027	0.026	0.026	0.026	0.026	0.026	0.026		
		
550	21.20	0.536	0.503	0.618	0.654	0.577	0.427	0.457	0.28	0.23	0.248	0.299	0.258		
		0.657	0.353	0.419	0.678	0.604	0.56	0.467	0.481	0.66	0.517	0.583	0.786		
		1.302	1.053	0.911	1.272	2.845	0.76	0.901	1.15	1.991	2.805	2.778	2.948		
		3.022	3.09	1.585	2.926	2.552	2.314	2.245	2.223	2.311	2.287	2.247	2.293		
		2.383	2.384	0.287	0.415	0.432	0.8	0.731	0.612	0.364	0.241	0.222	0.23		
		0.305	0.262	0.238	0.513	0.514	0.523	0.321	0.631	0.579	0.603	0.514	0.649		
		1.095	0.775	0.541	0.81	0.677	2.603	1.026	0.808	2.327	3.178	2.807	3.299		
		0.026	0.027	0.027	0.026	0.026	0.027	0.026	0.026	0.027	0.027	0.027	0.026		
		
560	21.20	0.524	0.488	0.582	0.617	0.545	0.397	0.432	0.255	0.211	0.262	0.27	0.275		
		0.759	0.325	0.486	0.788	0.705	0.654	0.536	0.555	0.768	0.603	0.682	0.903		
		1.463	1.211	1.001	1.403	2.839	0.874	1.027	1.27	2.079	2.807	2.783	2.917		
		3.027	3.064	1.646	2.916	2.608	2.381	2.33	2.31	2.382	2.364	2.33	2.376		
		2.508	2.5	0.311	0.431	0.462	0.751	0.686	0.567	0.32	0.217	0.201	0.243		
		0.31	0.259	0.259	0.593	0.598	0.609	0.354	0.732	0.678	0.703	0.598	0.752		
		1.249	0.905	0.624	0.937	0.786	2.638	1.152	0.938	2.383	3.102	2.807	3.165		
		0.026	0.027	0.027	0.026	0.026	0.027	0.026	0.026	0.026	0.026	0.027	0.026		
		
570	21.20	0.51	0.476	0.525	0.558	0.48	0.351	0.387	0.214	0.178	0.28	0.225	0.297		
		0.877	0.286	0.563	0.919	0.82	0.764	0.616	0.643	0.892	0.699	0.794	1		
		1.549	1.352	1.008	1.409	2.376	0.971	1.122	1.285	1.826	2.337	2.322	2.447		
		2.686	2.661	1.429	2.468	2.219	2.03	2.044	2.011	2.056	2.039	2.035	2.071		
		2.327	2.296	0.301	0.444	0.44	0.679	0.61	0.489	0.26	0.177	0.166	0.261		
		0.32	0.256	0.286	0.687	0.693	0.708	0.396	0.853	0.788	0.812	0.695	0.864		
		1.363	1.053	0.713	1.061	0.907	2.229	1.213	1.067	2.014	2.658	2.349	2.736		
		0.026	0.027	0.027	0.026	0.027	0.027	0.026	0.026	0.026	0.026	0.027	0.026		
		
580	21.20	0.5	0.461	0.465	0.499	0.431	0.291	0.34	0.173	0.15	0.301	0.178	0.323		
		0.999	0.249	0.637	1.045	0.93	0.864	0.698	0.731	1.019	0.793	0.9	1.097		
		1.639	1.496	1.023	1.431	1.926	1.069	1.216	1.311	1.613	1.884	1.881	1.974		
		2.356	2.258	1.253	2.033	1.881	1.726	1.801	1.763	1.764	1.76	1.776	1.808		
		2.178	2.122	0.248	0.435	0.47	0.625	0.555	0.405	0.198	0.138	0.134	0.281		
		0.334	0.257	0.315	0.78	0.79	0.804	0.44	0.965	0.894	0.917	0.791	0.975		
		1.481	1.198	0.795	1.182	1.029	1.854	1.279	1.191	1.693	2.152	1.906	2.202		
		0.026	0.027	0.027	0.026	0.026	0.027	0.026	0.026	0.026	0.026	0.027	0.026		
		
590	21.20	0.489	0.45	0.41	0.453	0.388	0.239	0.302	0.145	0.132	0.33	0.147	0.357		
		1.138	0.225	0.726	1.193	1.06	0.986	0.794	0.831	1.16	0.907	1.029	1.23		
		1.794	1.678	1.092	1.528	1.731	1.198	1.354	1.405	1.561	1.683	1.69	1.765		
		2.257	2.102	1.205	1.855	1.756	1.62	1.738	1.694	1.669	1.669	1.703	1.733		
		2.196	2.122	0.223	0.432	0.376	0.582	0.522	0.354	0.161	0.112	0.112	0.308		
		0.358	0.267	0.35	0.887	0.899	0.918	0.494	1.1	1.02	1.041	0.901	1.108		
		1.645	1.367	0.9	1.335	1.17	1.707	1.401	1.346	1.573	1.924	1.714	1.946		
		0.026	0.027	0.027	0.026	0.026	0.027	0.026	0.025	0.026	0.026	0.026	0.026		
		
600	21.10	0.474	0.434	0.358	0.427	0.359	0.221	0.283	0.136	0.129	0.365	0.131	0.395		
		1.281	0.214	0.814	1.342	1.197	1.111	0.892	0.933	1.309	1.022	1.16	1.371		
		1.973	1.866	1.19	1.664	1.745	1.334	1.506	1.536	1.632	1.693	1.703	1.771		
		2.336	2.152	1.25	1.879	1.8	1.666	1.808	1.759	1.724	1.725	1.767	1.798		
		2.326	2.241	0.222	0.418	0.273	0.556	0.524	0.336	0.139	0.105	0.108	0.341		
		0.391	0.287	0.389	0.998	1.011	1.034	0.552	1.237	1.149	1.17	1.015	1.242		
		1.826	1.538	1.007	1.496	1.313	1.741	1.546	1.509	1.612	1.931	1.726	1.943		
		0.025	0.027	0.026	0.025	0.025	0.026	0.025	0.025	0.025	0.025	0.026	0.025		
		
610	21.20	0.443	0.413	0.307	0.409	0.348	0.215	0.262	0.133	0.132	0.395	0.125	0.428		
		1.392	0.207	0.878	1.462	1.298	1.206	0.972	1.018	1.422	1.115	1.261	1.48		
		2.105	2.009	1.263	1.773	1.795	1.437	1.621	1.637	1.708	1.74	1.753	1.82		
		2.416	2.219	1.298	1.936	1.863	1.725	1.88	1.828	1.789	1.789	1.836	1.867		
		2.425	2.338	0.237	0.411	0.465	0.543	0.508	0.328	0.138	0.105	0.108	0.369		
		0.419	0.306	0.421	1.088	1.103	1.126	0.601	1.345	1.25	1.269	1.106	1.346		
		1.959	1.67	1.085	1.612	1.424	1.801	1.654	1.631	1.672	1.982	1.773	1.991		
		0.026	0.027	0.027	0.026	0.026	0.027	0.026	0.025	0.026	0.026	0.026	0.026		
		
620	21.10	0.409	0.386	0.263	0.383	0.341	0.2	0.245	0.132	0.134	0.405	0.123	0.439		
		1.425	0.2	0.894	1.491	1.331	1.234	1	1.047	1.456	1.143	1.291	1.498		
		2.106	2.028	1.262	1.776	1.764	1.458	1.639	1.646	1.695	1.712	1.725	1.787		
		2.367	2.175	1.274	1.901	1.831	1.696	1.854	1.802	1.761	1.763	1.807	1.837		
		2.38	2.297	0.201	0.401	0.318	0.516	0.472	0.318	0.13	0.106	0.11	0.378		
		0.428	0.313	0.431	1.117	1.132	1.156	0.618	1.375	1.279	1.296	1.134	1.374		
		1.971	1.7	1.099	1.633	1.452	1.773	1.667	1.656	1.65	1.943	1.737	1.95		
		0.027	0.027	0.027	0.026	0.026	0.027	0.026	0.026	0.026	0.026	0.026	0.026		
		
630	21.20	0.389	0.362	0.23	0.349	0.318	0.189	0.217	0.121	0.124	0.378	0.113	0.409		
		1.313	0.184	0.822	1.375	1.223	1.141	0.928	0.972	1.342	1.061	1.194	1.37		
		1.908	1.852	1.141	1.61	1.578	1.334	1.499	1.497	1.529	1.533	1.548	1.601		
		2.118	1.946	1.134	1.699	1.64	1.52	1.664	1.616	1.574	1.579	1.618	1.646		
		2.131	2.06	0.162	0.386	0.307	0.489	0.431	0.311	0.119	0.099	0.103	0.353		
		0.397	0.291	0.399	1.035	1.049	1.071	0.576	1.267	1.183	1.192	1.051	1.262		
		1.798	1.561	1.003	1.494	1.333	1.588	1.521	1.518	1.479	1.733	1.556	1.745		
		0.025	0.026	0.026	0.025	0.025	0.026	0.025	0.025	0.025	0.025	0.026	0.026		
		
640	21.10	0.356	0.338	0.208	0.328	0.278	0.172	0.202	0.107	0.109	0.314	0.104	0.34		
		1.065	0.158	0.67	1.113	0.994	0.924	0.758	0.797	1.089	0.866	0.97	1.103		
		1.523	1.487	0.908	1.285	1.25	1.077	1.205	1.203	1.218	1.218	1.229	1.271		
		1.672	1.532	0.897	1.347	1.296	1.204	1.315	1.275	1.25	1.25	1.282	1.303		
		1.68	1.628	0.163	0.369	0.369	0.468	0.393	0.299	0.102	0.087	0.09	0.295		
		0.328	0.243	0.329	0.847	0.856	0.873	0.475	1.027	0.96	0.968	0.856	1.022		
		1.438	1.263	0.812	1.202	1.08	1.26	1.224	1.227	1.18	1.375	1.23	1.386		
		0.025	0.025	0.025	0.024	0.025	0.026	0.025	0.024	0.025	0.025	0.026	0.025		
		
650	21.20	0.339	0.323	0.191	0.308	0.252	0.156	0.186	0.089	0.089	0.235	0.091	0.253		
		0.763	0.129	0.484	0.798	0.715	0.672	0.556	0.578	0.783	0.629	0.7	0.792		
		1.084	1.057	0.652	0.917	0.883	0.772	0.865	0.854	0.865	0.863	0.875	0.898		
		1.17	1.077	0.636	0.949	0.916	0.849	0.928	0.908	0.883	0.886	0.908	0.919		
		1.182	1.143	0.184	0.362	0.368	0.446	0.368	0.288	0.1	0.072	0.074	0.221		
		0.244	0.185	0.244	0.613	0.622	0.637	0.351	0.742	0.693	0.698	0.621	0.735		
		1.022	0.9	0.583	0.864	0.774	0.892	0.873	0.877	0.837	0.972	0.87	0.976		
		0.026	0.027	0.026	0.026	0.026	0.027	0.026	0.025	0.026	0.026	0.026	0.026		
		
660	21.20	0.32	0.306	0.176	0.292	0.255	0.14	0.17	0.07	0.067	0.157	0.078	0.17		
		0.488	0.098	0.309	0.506	0.457	0.428	0.356	0.374	0.499	0.401	0.449	0.503		
		0.677	0.665	0.409	0.579	0.554	0.491	0.547	0.542	0.547	0.544	0.549	0.566		
		0.728	0.674	0.401	0.596	0.574	0.532	0.587	0.569	0.556	0.555	0.569	0.578		
		0.735	0.715	0.171	0.37	0.38	0.424	0.352	0.273	0.097	0.058	0.059	0.148		
		0.162	0.126	0.162	0.391	0.399	0.406	0.232	0.474	0.444	0.447	0.398	0.469		
		0.647	0.572	0.37	0.546	0.496	0.561	0.554	0.559	0.527	0.61	0.548	0.614		
		0.025	0.026	0.026	0.025	0.025	0.026	0.025	0.025	0.025	0.025	0.026	0.025		
		
670	21.10	0.308	0.294	0.165	0.276	0.244	0.134	0.158	0.058	0.054	0.107	0.072	0.114		
		0.299	0.08	0.194	0.311	0.281	0.264	0.222	0.234	0.307	0.249	0.277	0.309		
		0.41	0.401	0.253	0.351	0.338	0.301	0.333	0.332	0.332	0.332	0.333	0.346		
		0.436	0.406	0.245	0.361	0.35	0.325	0.356	0.347	0.336	0.336	0.345	0.349		
		0.442	0.428	0.153	0.361	0.387	0.407	0.358	0.262	0.096	0.048	0.049	0.102		
		0.11	0.088	0.109	0.245	0.245	0.253	0.15	0.292	0.271	0.274	0.249	0.289		
		0.389	0.35	0.231	0.331	0.303	0.341	0.339	0.341	0.322	0.37	0.333	0.368		
		0.025	0.025	0.025	0.024	0.025	0.025	0.024	0.024	0.025	0.025	0.025	0.025		
		
680	21.20	0.303	0.283	0.156	0.263	0.232	0.132	0.147	0.051	0.045	0.071	0.064	0.075		
		0.171	0.067	0.115	0.177	0.161	0.153	0.13	0.137	0.174	0.145	0.159	0.175		
		0.228	0.224	0.145	0.197	0.19	0.172	0.189	0.187	0.188	0.186	0.188	0.195		
		0.241	0.224	0.14	0.201	0.196	0.183	0.2	0.196	0.189	0.19	0.194	0.197		
		0.243	0.238	0.138	0.364	0.332	0.389	0.358	0.255	0.09	0.042	0.042	0.068		
		0.073	0.062	0.072	0.142	0.142	0.144	0.093	0.167	0.158	0.156	0.142	0.166		
		0.216	0.197	0.134	0.189	0.174	0.193	0.193	0.192	0.183	0.206	0.188	0.209		
		0.025	0.026	0.026	0.025	0.025	0.026	0.025	0.025	0.025	0.025	0.025	0.025		
		
690	21.10	0.284	0.273	0.149	0.254	0.205	0.123	0.132	0.046	0.04	0.056	0.063	0.057		
		0.107	0.06	0.078	0.109	0.101	0.097	0.086	0.088	0.109	0.093	0.1	0.109		
		0.137	0.136	0.094	0.121	0.118	0.108	0.117	0.116	0.117	0.116	0.117	0.121		
		0.144	0.135	0.091	0.123	0.121	0.114	0.123	0.121	0.117	0.116	0.119	0.121		
		0.146	0.143	0.127	0.358	0.281	0.378	0.348	0.246	0.093	0.038	0.038	0.052		
		0.055	0.049	0.054	0.092	0.093	0.095	0.066	0.105	0.1	0.1	0.093	0.104		
		0.132	0.122	0.089	0.117	0.109	0.119	0.12	0.119	0.115	0.126	0.117	0.127		
		0.025	0.026	0.025	0.025	0.025	0.025	0.024	0.025	0.025	0.025	0.025	0.025		
		
700	21.20	0.276	0.265	0.14	0.244	0.199	0.115	0.118	0.044	0.037	0.044	0.058	0.044		
		0.068	0.055	0.053	0.069	0.065	0.062	0.058	0.058	0.068	0.06	0.064	0.068		
		0.082	0.082	0.06	0.074	0.073	0.068	0.072	0.072	0.072	0.072	0.072	0.074		
		0.084	0.08	0.059	0.076	0.075	0.07	0.077	0.076	0.072	0.071	0.072	0.074		
		0.087	0.085	0.127	0.356	0.198	0.365	0.328	0.238	0.091	0.036	0.036	0.042		
		0.044	0.041	0.043	0.061	0.061	0.061	0.049	0.067	0.064	0.064	0.061	0.066		
		0.081	0.075	0.06	0.073	0.07	0.074	0.076	0.074	0.073	0.078	0.073	0.078		
		0.025	0.026	0.025	0.024	0.025	0.025	0.025	0.025	0.025	0.024	0.025	0.025		
		
710	21.20	0.264	0.255	0.136	0.234	0.189	0.112	0.118	0.044	0.038	0.041	0.059	0.041		
		0.053	0.055	0.045	0.052	0.051	0.05	0.048	0.048	0.052	0.048	0.051	0.053		
		0.058	0.059	0.049	0.056	0.054	0.053	0.055	0.055	0.055	0.055	0.055	0.056		
		0.06	0.058	0.047	0.056	0.056	0.052	0.057	0.057	0.052	0.054	0.054	0.055		
		0.062	0.062	0.142	0.338	0.202	0.354	0.31	0.231	0.076	0.037	0.037	0.04		
		0.039	0.038	0.038	0.047	0.047	0.047	0.042	0.05	0.048	0.05	0.046	0.051		
		0.059	0.056	0.049	0.056	0.054	0.056	0.059	0.056	0.056	0.057	0.056	0.058		
		0.027	0.028	0.028	0.027	0.027	0.028	0.027	0.027	0.028	0.027	0.028	0.027		
		
720	21.10	0.26	0.248	0.131	0.227	0.198	0.108	0.116	0.043	0.038	0.038	0.059	0.039		
		0.045	0.054	0.038	0.044	0.043	0.043	0.04	0.041	0.044	0.042	0.043	0.044		
		0.046	0.048	0.04	0.046	0.046	0.042	0.043	0.044	0.044	0.044	0.046	0.044		
		0.046	0.045	0.039	0.046	0.044	0.044	0.048	0.045	0.045	0.043	0.043	0.045		
		0.049	0.05	0.126	0.334	0.299	0.346	0.291	0.228	0.073	0.037	0.037	0.038		
		0.037	0.037	0.037	0.041	0.041	0.041	0.039	0.043	0.043	0.041	0.041	0.042		
		0.048	0.046	0.043	0.046	0.046	0.047	0.049	0.046	0.045	0.045	0.046	0.048		
		0.027	0.028	0.028	0.027	0.028	0.028	0.027	0.027	0.028	0.027	0.027	0.028		
		
730	21.20	0.253	0.24	0.127	0.222	0.199	0.109	0.115	0.043	0.037	0.037	0.057	0.037		
		0.041	0.052	0.038	0.04	0.039	0.039	0.039	0.038	0.04	0.039	0.039	0.04		
		0.043	0.043	0.04	0.041	0.041	0.041	0.041	0.042	0.041	0.041	0.041	0.042		
		0.042	0.041	0.039	0.042	0.042	0.04	0.043	0.043	0.041	0.04	0.041	0.041		
		0.043	0.043	0.127	0.328	0.277	0.335	0.28	0.227	0.074	0.036	0.036	0.036		
		0.036	0.036	0.035	0.039	0.039	0.039	0.039	0.04	0.037	0.037	0.037	0.038		
		0.042	0.042	0.041	0.042	0.041	0.042	0.045	0.041	0.043	0.042	0.042	0.042		
		0.027	0.028	0.028	0.027	0.028	0.028	0.027	0.027	0.028	0.027	0.028	0.027		
		
740	21.10	0.246	0.234	0.121	0.218	0.187	0.097	0.118	0.041	0.036	0.036	0.056	0.036		
		0.038	0.05	0.036	0.037	0.037	0.037	0.037	0.036	0.037	0.036	0.036	0.037		
		0.04	0.041	0.038	0.039	0.04	0.039	0.039	0.04	0.04	0.04	0.04	0.041		
		0.038	0.039	0.037	0.038	0.039	0.038	0.041	0.041	0.038	0.038	0.038	0.039		
		0.04	0.041	0.119	0.328	0.287	0.326	0.288	0.224	0.069	0.036	0.035	0.035		
		0.037	0.036	0.035	0.037	0.037	0.037	0.037	0.038	0.036	0.037	0.036	0.037		
		0.039	0.039	0.037	0.039	0.038	0.039	0.042	0.038	0.04	0.039	0.039	0.039		
		0.025	0.026	0.025	0.025	0.025	0.026	0.025	0.025	0.026	0.025	0.026	0.026		
		
750	21.10	0.235	0.229	0.117	0.214	0.178	0.102	0.109	0.041	0.037	0.036	0.056	0.036		
		0.037	0.05	0.036	0.036	0.036	0.036	0.036	0.036	0.036	0.036	0.035	0.036		
		0.038	0.038	0.036	0.037	0.037	0.037	0.036	0.038	0.037	0.037	0.037	0.038		
		0.038	0.037	0.037	0.038	0.038	0.037	0.04	0.04	0.038	0.037	0.037	0.038		
		0.039	0.039	0.118	0.322	0.284	0.315	0.29	0.218	0.067	0.035	0.035	0.035		
		0.036	0.036	0.035	0.036	0.036	0.036	0.036	0.036	0.036	0.036	0.035	0.037		
		0.037	0.037	0.037	0.038	0.038	0.038	0.04	0.037	0.039	0.038	0.038	0.038		
		0.027	0.027	0.027	0.026	0.027	0.027	0.027	0.026	0.027	0.027	0.027	0.027		
		
~End
Copyright © 2004 Molecular Devices. All rights reserved.
