##BLOCKS= 2          
Plate:	Plate#1	1.3	PlateFormat	Spectrum	Absorbance	Raw	FALSE	41			350	750	10			1	12	96	1	8	None	
Wavelength(nm)	Temperature(¡C)	1	2	3	4	5	6	7	8	9	10	11	12		
350	21.00	0.425	0.276	0.224	0.521	0.424	0.232	0.25	0.187	0.235	0.266	0.306	0.193		
		0.366	0.248	0.217	0.543	0.456	0.192	0.355	0.273	0.316	0.371	0.406	0.234		
		0.466	0.282	0.261	0.49	0.547	0.324	0.361	0.223	0.309	0.366	0.416	0.266		
		0.493	0.357	0.31	0.706	0.59	0.271	0.332	0.249	0.28	0.343	0.356	0.279		
		0.464	0.346	0.318	0.649	0.497	0.281	0.307	0.262	0.289	0.336	0.355	0.256		
		0.446	0.327	0.282	0.614	0.48	0.245	0.305	0.238	0.264	0.337	0.371	0.194		
		0.399	0.279	0.203	0.638	0.475	0.21	0.267	0.2	0.221	0.289	0.314	0.199		
		0.404	0.257	0.216	0.606	0.468	0.19	0.243	0.197	0.225	0.29	0.268	0.186		
		
360	21.00	0.34	0.256	0.202	0.48	0.379	0.217	0.222	0.17	0.222	0.222	0.281	0.18		
		0.326	0.231	0.199	0.46	0.41	0.177	0.424	0.322	0.377	0.446	0.491	0.269		
		0.571	0.326	0.303	0.582	0.68	0.395	0.427	0.254	0.362	0.434	0.497	0.314		
		0.601	0.429	0.37	0.885	0.732	0.317	0.391	0.289	0.324	0.405	0.422	0.329		
		0.555	0.408	0.376	0.793	0.601	0.33	0.359	0.303	0.335	0.393	0.418	0.293		
		0.531	0.381	0.324	0.745	0.576	0.28	0.355	0.271	0.302	0.397	0.273	0.176		
		0.328	0.237	0.19	0.599	0.377	0.19	0.246	0.188	0.195	0.235	0.27	0.183		
		0.316	0.224	0.198	0.467	0.374	0.17	0.223	0.178	0.2	0.26	0.251	0.173		
		
370	21.00	0.312	0.241	0.187	0.463	0.373	0.199	0.211	0.159	0.201	0.212	0.259	0.171		
		0.314	0.218	0.187	0.45	0.373	0.169	0.488	0.365	0.431	0.514	0.571	0.302		
		0.667	0.368	0.342	0.68	0.803	0.455	0.491	0.285	0.411	0.499	0.576	0.36		
		0.7	0.496	0.42	1.052	0.85	0.362	0.45	0.326	0.368	0.465	0.488	0.376		
		0.64	0.464	0.428	0.935	0.701	0.377	0.411	0.343	0.382	0.452	0.484	0.331		
		0.613	0.431	0.366	0.875	0.672	0.317	0.407	0.306	0.343	0.457	0.238	0.164		
		0.321	0.23	0.172	0.526	0.343	0.179	0.211	0.172	0.189	0.218	0.241	0.171		
		0.296	0.209	0.186	0.457	0.363	0.158	0.211	0.166	0.184	0.236	0.229	0.162		
		
380	21.00	0.309	0.224	0.179	0.455	0.366	0.19	0.202	0.152	0.197	0.198	0.257	0.168		
		0.308	0.212	0.18	0.454	0.389	0.169	0.54	0.397	0.469	0.567	0.63	0.334		
		0.736	0.408	0.372	0.784	0.893	0.498	0.543	0.316	0.453	0.554	0.644	0.389		
		0.773	0.541	0.457	1.171	0.941	0.393	0.502	0.357	0.407	0.52	0.549	0.409		
		0.713	0.51	0.469	1.046	0.786	0.413	0.46	0.378	0.426	0.506	0.544	0.364		
		0.687	0.476	0.4	0.992	0.756	0.35	0.455	0.338	0.38	0.515	0.234	0.157		
		0.295	0.216	0.166	0.477	0.321	0.172	0.195	0.162	0.177	0.209	0.233	0.163		
		0.289	0.224	0.179	0.426	0.339	0.156	0.196	0.159	0.169	0.209	0.222	0.153		
		
390	21.00	0.338	0.231	0.185	0.461	0.38	0.203	0.214	0.162	0.205	0.202	0.271	0.18		
		0.323	0.226	0.191	0.487	0.412	0.183	0.556	0.402	0.478	0.582	0.642	0.362		
		0.744	0.44	0.39	0.89	0.901	0.499	0.56	0.351	0.473	0.579	0.68	0.39		
		0.785	0.543	0.459	1.18	0.947	0.403	0.535	0.377	0.435	0.555	0.589	0.413		
		0.749	0.528	0.483	1.089	0.825	0.428	0.498	0.401	0.46	0.549	0.588	0.384		
		0.734	0.505	0.422	1.061	0.806	0.375	0.494	0.367	0.413	0.56	0.241	0.164		
		0.293	0.226	0.176	0.448	0.336	0.183	0.21	0.165	0.182	0.215	0.255	0.17		
		0.302	0.23	0.188	0.428	0.33	0.164	0.208	0.161	0.182	0.236	0.245	0.153		
		
400	21.00	0.332	0.255	0.198	0.485	0.408	0.218	0.229	0.175	0.213	0.218	0.285	0.196		
		0.351	0.247	0.206	0.527	0.412	0.201	0.537	0.383	0.457	0.56	0.612	0.37		
		0.705	0.448	0.385	0.941	0.849	0.468	0.543	0.369	0.466	0.568	0.672	0.368		
		0.745	0.509	0.432	1.107	0.89	0.388	0.535	0.374	0.436	0.555	0.593	0.392		
		0.737	0.513	0.467	1.056	0.808	0.418	0.506	0.399	0.466	0.555	0.594	0.382		
		0.733	0.504	0.418	1.058	0.803	0.378	0.503	0.374	0.422	0.571	0.252	0.176		
		0.311	0.24	0.191	0.439	0.357	0.194	0.244	0.174	0.196	0.234	0.26	0.182		
		0.309	0.222	0.203	0.473	0.346	0.172	0.213	0.174	0.186	0.23	0.248	0.159		
		
410	20.90	0.355	0.27	0.213	0.52	0.44	0.24	0.251	0.194	0.237	0.23	0.31	0.216		
		0.366	0.273	0.229	0.55	0.447	0.223	0.505	0.357	0.427	0.526	0.57	0.364		
		0.654	0.439	0.369	0.952	0.785	0.432	0.513	0.371	0.444	0.54	0.641	0.341		
		0.691	0.47	0.4	1.017	0.824	0.365	0.514	0.359	0.42	0.534	0.572	0.365		
		0.701	0.484	0.439	0.993	0.768	0.396	0.491	0.384	0.453	0.539	0.575	0.367		
		0.704	0.484	0.401	1.014	0.771	0.367	0.49	0.365	0.411	0.556	0.277	0.192		
		0.329	0.256	0.206	0.488	0.375	0.211	0.245	0.194	0.211	0.247	0.266	0.198		
		0.324	0.245	0.222	0.48	0.387	0.189	0.232	0.191	0.202	0.257	0.267	0.176		
		
420	21.00	0.391	0.294	0.229	0.542	0.478	0.262	0.272	0.209	0.262	0.245	0.34	0.238		
		0.396	0.298	0.248	0.573	0.519	0.245	0.47	0.332	0.397	0.488	0.528	0.346		
		0.606	0.418	0.348	0.919	0.727	0.402	0.477	0.358	0.415	0.503	0.598	0.318		
		0.64	0.435	0.372	0.942	0.764	0.34	0.48	0.336	0.394	0.498	0.535	0.34		
		0.652	0.451	0.41	0.922	0.714	0.37	0.46	0.36	0.425	0.504	0.537	0.344		
		0.656	0.451	0.375	0.944	0.719	0.344	0.458	0.342	0.386	0.52	0.294	0.207		
		0.357	0.279	0.224	0.504	0.397	0.23	0.268	0.203	0.225	0.267	0.295	0.215		
		0.356	0.259	0.235	0.499	0.402	0.205	0.247	0.202	0.218	0.272	0.28	0.187		
		
430	21.00	0.41	0.309	0.243	0.555	0.484	0.28	0.284	0.222	0.279	0.257	0.358	0.252		
		0.413	0.315	0.261	0.628	0.51	0.262	0.442	0.314	0.374	0.46	0.499	0.329		
		0.573	0.395	0.33	0.875	0.687	0.381	0.448	0.342	0.389	0.473	0.561	0.302		
		0.604	0.411	0.352	0.889	0.724	0.321	0.451	0.316	0.37	0.468	0.502	0.321		
		0.613	0.424	0.385	0.867	0.67	0.349	0.431	0.338	0.397	0.473	0.503	0.323		
		0.615	0.424	0.353	0.886	0.673	0.323	0.429	0.321	0.362	0.487	0.305	0.218		
		0.363	0.298	0.235	0.492	0.439	0.244	0.28	0.213	0.232	0.276	0.318	0.226		
		0.355	0.271	0.245	0.536	0.408	0.213	0.261	0.217	0.223	0.286	0.283	0.194		
		
440	21.00	0.417	0.32	0.252	0.585	0.516	0.291	0.298	0.236	0.284	0.269	0.375	0.266		
		0.431	0.337	0.278	0.645	0.554	0.278	0.422	0.301	0.358	0.439	0.478	0.313		
		0.55	0.375	0.315	0.83	0.66	0.366	0.427	0.324	0.37	0.449	0.532	0.29		
		0.579	0.396	0.339	0.854	0.697	0.307	0.426	0.3	0.349	0.442	0.473	0.309		
		0.581	0.404	0.369	0.825	0.636	0.332	0.406	0.321	0.374	0.446	0.475	0.306		
		0.582	0.402	0.335	0.837	0.637	0.305	0.404	0.303	0.341	0.458	0.315	0.229		
		0.37	0.294	0.247	0.523	0.428	0.258	0.29	0.221	0.245	0.276	0.311	0.237		
		0.389	0.285	0.257	0.502	0.455	0.227	0.268	0.227	0.24	0.299	0.3	0.199		
		
450	21.00	0.422	0.327	0.258	0.575	0.524	0.301	0.304	0.244	0.301	0.272	0.381	0.281		
		0.449	0.347	0.288	0.665	0.55	0.293	0.414	0.297	0.353	0.431	0.471	0.301		
		0.543	0.362	0.307	0.792	0.653	0.364	0.418	0.311	0.36	0.438	0.516	0.288		
		0.57	0.392	0.335	0.845	0.69	0.301	0.413	0.291	0.337	0.427	0.457	0.304		
		0.565	0.395	0.36	0.806	0.619	0.324	0.391	0.31	0.361	0.429	0.458	0.297		
		0.562	0.389	0.325	0.809	0.616	0.295	0.389	0.291	0.327	0.44	0.321	0.238		
		0.379	0.311	0.26	0.496	0.433	0.27	0.285	0.232	0.243	0.29	0.324	0.246		
		0.37	0.295	0.266	0.541	0.44	0.236	0.275	0.236	0.238	0.287	0.301	0.207		
		
460	20.90	0.417	0.342	0.265	0.564	0.53	0.313	0.306	0.252	0.311	0.27	0.387	0.291		
		0.436	0.367	0.298	0.644	0.544	0.306	0.407	0.294	0.348	0.425	0.467	0.287		
		0.54	0.346	0.298	0.743	0.65	0.362	0.41	0.293	0.35	0.427	0.502	0.286		
		0.567	0.392	0.334	0.844	0.689	0.297	0.399	0.282	0.326	0.413	0.44	0.302		
		0.551	0.388	0.355	0.791	0.605	0.317	0.376	0.3	0.347	0.412	0.44	0.288		
		0.544	0.376	0.315	0.784	0.597	0.283	0.372	0.278	0.313	0.421	0.306	0.246		
		0.38	0.316	0.268	0.494	0.425	0.279	0.277	0.232	0.255	0.284	0.31	0.254		
		0.367	0.292	0.282	0.506	0.433	0.243	0.272	0.245	0.244	0.281	0.298	0.211		
		
470	21.00	0.413	0.34	0.271	0.561	0.521	0.321	0.308	0.262	0.299	0.274	0.397	0.305		
		0.435	0.375	0.302	0.619	0.593	0.323	0.399	0.292	0.345	0.418	0.462	0.27		
		0.536	0.326	0.288	0.677	0.648	0.363	0.402	0.27	0.339	0.415	0.483	0.286		
		0.562	0.393	0.333	0.843	0.687	0.292	0.382	0.271	0.312	0.395	0.419	0.3		
		0.533	0.379	0.348	0.771	0.585	0.309	0.356	0.288	0.328	0.39	0.418	0.277		
		0.519	0.361	0.304	0.748	0.571	0.27	0.352	0.263	0.295	0.397	0.327	0.256		
		0.373	0.32	0.281	0.514	0.42	0.29	0.301	0.245	0.257	0.293	0.329	0.265		
		0.364	0.305	0.293	0.498	0.421	0.255	0.279	0.249	0.255	0.278	0.299	0.22		
		
480	21.00	0.413	0.351	0.283	0.543	0.519	0.33	0.31	0.269	0.324	0.275	0.378	0.32		
		0.43	0.383	0.311	0.629	0.562	0.341	0.392	0.291	0.342	0.412	0.46	0.248		
		0.539	0.3	0.275	0.588	0.652	0.368	0.392	0.239	0.326	0.4	0.463	0.288		
		0.561	0.397	0.335	0.85	0.692	0.287	0.36	0.258	0.292	0.372	0.392	0.3		
		0.513	0.37	0.341	0.751	0.564	0.3	0.329	0.272	0.305	0.362	0.389	0.263		
		0.491	0.342	0.289	0.705	0.541	0.251	0.325	0.242	0.271	0.366	0.309	0.268		
		0.373	0.32	0.293	0.514	0.415	0.302	0.278	0.241	0.259	0.292	0.326	0.275		
		0.359	0.306	0.299	0.5	0.435	0.264	0.286	0.264	0.253	0.291	0.291	0.22		
		
490	21.00	0.425	0.353	0.283	0.528	0.518	0.339	0.304	0.276	0.317	0.273	0.387	0.332		
		0.416	0.394	0.317	0.603	0.556	0.359	0.394	0.298	0.349	0.416	0.471	0.23		
		0.556	0.28	0.267	0.512	0.676	0.381	0.392	0.211	0.32	0.394	0.452	0.298		
		0.577	0.413	0.347	0.885	0.721	0.29	0.347	0.25	0.28	0.357	0.373	0.308		
		0.504	0.369	0.343	0.755	0.558	0.298	0.31	0.263	0.287	0.34	0.368	0.255		
		0.472	0.33	0.281	0.682	0.523	0.238	0.304	0.226	0.253	0.342	0.295	0.276		
		0.368	0.329	0.303	0.453	0.404	0.315	0.263	0.247	0.266	0.286	0.303	0.285		
		0.363	0.326	0.307	0.466	0.416	0.271	0.281	0.278	0.262	0.288	0.298	0.22		
		
500	21.00	0.4	0.358	0.286	0.508	0.511	0.347	0.303	0.279	0.319	0.274	0.381	0.345		
		0.412	0.404	0.32	0.6	0.574	0.373	0.421	0.323	0.377	0.446	0.512	0.22		
		0.61	0.271	0.274	0.449	0.746	0.422	0.416	0.189	0.332	0.41	0.466	0.327		
		0.632	0.457	0.382	0.983	0.793	0.309	0.35	0.254	0.28	0.36	0.373	0.336		
		0.525	0.39	0.365	0.801	0.584	0.312	0.304	0.266	0.281	0.335	0.364	0.258		
		0.478	0.334	0.287	0.694	0.533	0.235	0.296	0.218	0.244	0.331	0.303	0.282		
		0.379	0.329	0.311	0.439	0.387	0.322	0.292	0.247	0.264	0.291	0.298	0.289		
		0.368	0.313	0.315	0.47	0.399	0.279	0.287	0.277	0.26	0.287	0.289	0.226		
		
510	21.00	0.394	0.361	0.282	0.486	0.518	0.348	0.301	0.287	0.309	0.268	0.394	0.353		
		0.401	0.413	0.331	0.566	0.552	0.388	0.481	0.373	0.436	0.511	0.594	0.226		
		0.713	0.282	0.301	0.42	0.878	0.495	0.474	0.181	0.369	0.459	0.517	0.381		
		0.737	0.537	0.446	1.16	0.93	0.353	0.382	0.278	0.302	0.391	0.4	0.388		
		0.588	0.443	0.415	0.915	0.656	0.351	0.321	0.289	0.297	0.353	0.389	0.281		
		0.521	0.365	0.314	0.761	0.584	0.249	0.31	0.226	0.252	0.347	0.301	0.286		
		0.364	0.343	0.317	0.456	0.387	0.329	0.288	0.243	0.268	0.283	0.304	0.294		
		0.351	0.317	0.327	0.453	0.392	0.286	0.279	0.29	0.265	0.314	0.29	0.224		
		
520	21.00	0.384	0.349	0.283	0.491	0.513	0.346	0.294	0.28	0.31	0.263	0.368	0.357		
		0.405	0.417	0.324	0.584	0.554	0.394	0.57	0.443	0.518	0.607	0.71	0.247		
		0.857	0.312	0.347	0.43	1.06	0.596	0.559	0.186	0.429	0.536	0.602	0.456		
		0.885	0.647	0.535	1.409	1.117	0.416	0.437	0.319	0.344	0.448	0.456	0.464		
		0.688	0.519	0.491	1.088	0.77	0.41	0.361	0.331	0.334	0.397	0.44	0.322		
		0.599	0.419	0.362	0.881	0.675	0.28	0.346	0.25	0.28	0.387	0.292	0.288		
		0.362	0.343	0.317	0.425	0.372	0.326	0.267	0.243	0.265	0.274	0.308	0.294		
		0.348	0.316	0.322	0.416	0.387	0.283	0.275	0.289	0.263	0.27	0.276	0.227		
		
530	21.00	0.367	0.34	0.273	0.467	0.479	0.343	0.289	0.274	0.311	0.255	0.366	0.344		
		0.381	0.4	0.316	0.573	0.552	0.381	0.69	0.538	0.628	0.736	0.867	0.284		
		1.045	0.363	0.412	0.472	1.298	0.727	0.674	0.204	0.512	0.645	0.722	0.555		
		1.08	0.791	0.651	1.731	1.363	0.503	0.519	0.378	0.406	0.532	0.538	0.563		
		0.826	0.627	0.595	1.319	0.93	0.492	0.422	0.391	0.39	0.465	0.518	0.383		
		0.713	0.496	0.43	1.056	0.807	0.328	0.404	0.29	0.324	0.452	0.293	0.278		
		0.347	0.336	0.307	0.386	0.382	0.319	0.264	0.236	0.263	0.282	0.299	0.286		
		0.33	0.316	0.311	0.44	0.362	0.276	0.281	0.282	0.25	0.279	0.266	0.225		
		
540	21.00	0.362	0.328	0.26	0.454	0.49	0.316	0.272	0.256	0.283	0.255	0.345	0.324		
		0.367	0.375	0.297	0.515	0.505	0.359	0.874	0.684	0.799	0.935	1.108	0.343		
		1.339	0.442	0.514	0.551	1.664	0.933	0.854	0.235	0.644	0.81	0.904	0.705		
		1.386	1.011	0.832	2.223	1.74	0.636	0.647	0.47	0.5	0.661	0.668	0.718		
		1.043	0.792	0.751	1.677	1.172	0.619	0.518	0.485	0.476	0.572	0.64	0.475		
		0.889	0.618	0.535	1.325	1.017	0.401	0.493	0.349	0.392	0.552	0.28	0.264		
		0.34	0.307	0.287	0.38	0.354	0.304	0.256	0.228	0.252	0.271	0.278	0.27		
		0.328	0.302	0.295	0.402	0.368	0.262	0.26	0.269	0.249	0.276	0.265	0.216		
		
550	21.00	0.373	0.305	0.247	0.409	0.441	0.304	0.262	0.246	0.285	0.244	0.331	0.308		
		0.349	0.355	0.278	0.497	0.487	0.34	1.041	0.816	0.953	1.116	1.32	0.4		
		1.608	0.518	0.609	0.638	2.003	1.116	1.017	0.269	0.763	0.964	1.079	0.843		
		1.658	1.213	0.993	2.664	2.085	0.754	0.765	0.554	0.591	0.782	0.789	0.853		
		1.245	0.941	0.895	2.01	1.399	0.735	0.611	0.572	0.562	0.672	0.755	0.559		
		1.057	0.732	0.632	1.58	1.202	0.47	0.579	0.409	0.46	0.648	0.255	0.249		
		0.318	0.305	0.274	0.385	0.337	0.283	0.238	0.219	0.235	0.25	0.267	0.255		
		0.306	0.273	0.279	0.372	0.35	0.249	0.256	0.244	0.234	0.254	0.265	0.203		
		
560	21.00	0.333	0.287	0.23	0.392	0.419	0.275	0.241	0.221	0.25	0.238	0.306	0.277		
		0.343	0.323	0.258	0.476	0.45	0.301	1.077	0.833	0.977	1.152	1.35	0.436		
		1.637	0.562	0.636	0.739	2.027	1.126	1.057	0.308	0.803	1.012	1.141	0.855		
		1.692	1.229	1.008	2.668	2.108	0.778	0.817	0.588	0.637	0.84	0.853	0.87		
		1.306	0.977	0.926	2.084	1.467	0.765	0.668	0.61	0.613	0.735	0.821	0.595		
		1.131	0.779	0.67	1.687	1.283	0.511	0.638	0.452	0.51	0.717	0.249	0.226		
		0.306	0.267	0.245	0.366	0.318	0.255	0.25	0.209	0.224	0.237	0.237	0.232		
		0.281	0.272	0.252	0.356	0.359	0.222	0.239	0.225	0.22	0.237	0.239	0.192		
		
570	21.00	0.307	0.249	0.196	0.372	0.396	0.228	0.216	0.181	0.213	0.216	0.269	0.213		
		0.288	0.257	0.206	0.429	0.39	0.226	0.924	0.692	0.821	0.979	1.125	0.434		
		1.339	0.549	0.569	0.842	1.655	0.91	0.915	0.341	0.726	0.902	1.037	0.696		
		1.399	0.994	0.82	2.193	1.721	0.665	0.77	0.546	0.608	0.796	0.824	0.719		
		1.169	0.85	0.797	1.806	1.306	0.672	0.667	0.573	0.613	0.732	0.805	0.554		
		1.065	0.73	0.618	1.574	1.194	0.504	0.647	0.467	0.526	0.733	0.239	0.19		
		0.271	0.231	0.202	0.324	0.295	0.214	0.216	0.184	0.2	0.223	0.272	0.199		
		0.271	0.211	0.209	0.344	0.313	0.185	0.216	0.178	0.198	0.214	0.249	0.168		
		
580	21.00	0.29	0.205	0.162	0.345	0.35	0.178	0.186	0.138	0.18	0.202	0.227	0.152		
		0.247	0.191	0.161	0.382	0.334	0.149	0.8	0.579	0.694	0.84	0.937	0.437		
		1.094	0.546	0.516	0.946	1.339	0.73	0.801	0.376	0.664	0.815	0.955	0.562		
		1.156	0.8	0.667	1.771	1.392	0.572	0.736	0.515	0.591	0.765	0.805	0.596		
		1.063	0.75	0.691	1.581	1.176	0.6	0.674	0.547	0.619	0.738	0.799	0.525		
		1.018	0.695	0.58	1.49	1.128	0.503	0.662	0.484	0.547	0.755	0.208	0.157		
		0.269	0.196	0.156	0.322	0.271	0.176	0.21	0.159	0.18	0.213	0.218	0.169		
		0.235	0.191	0.17	0.318	0.286	0.155	0.205	0.153	0.176	0.22	0.226	0.161		
		
590	21.00	0.245	0.172	0.141	0.325	0.288	0.142	0.157	0.107	0.135	0.184	0.197	0.107		
		0.217	0.143	0.123	0.347	0.288	0.094	0.763	0.536	0.649	0.794	0.867	0.463		
		0.994	0.572	0.509	1.068	1.206	0.652	0.772	0.419	0.659	0.803	0.955	0.505		
		1.061	0.719	0.603	1.588	1.251	0.543	0.754	0.523	0.612	0.786	0.838	0.548		
		1.051	0.724	0.66	1.52	1.157	0.585	0.715	0.559	0.657	0.78	0.84	0.534		
		1.044	0.709	0.586	1.52	1.148	0.529	0.708	0.521	0.591	0.811	0.212	0.13		
		0.226	0.182	0.124	0.297	0.25	0.144	0.179	0.154	0.163	0.186	0.23	0.141		
		0.218	0.156	0.141	0.321	0.271	0.13	0.188	0.125	0.162	0.196	0.192	0.15		
		
600	21.00	0.229	0.148	0.12	0.306	0.306	0.115	0.142	0.086	0.13	0.168	0.166	0.08		
		0.216	0.118	0.097	0.31	0.239	0.067	0.79	0.545	0.663	0.817	0.882	0.501		
		1.005	0.619	0.535	1.197	1.214	0.654	0.801	0.464	0.693	0.842	1.007	0.506		
		1.078	0.722	0.606	1.595	1.257	0.559	0.803	0.553	0.653	0.838	0.898	0.555		
		1.104	0.752	0.683	1.579	1.213	0.61	0.772	0.594	0.709	0.842	0.903	0.566		
		1.112	0.754	0.62	1.616	1.219	0.568	0.767	0.565	0.641	0.878	0.176	0.108		
		0.213	0.15	0.104	0.31	0.238	0.122	0.19	0.132	0.143	0.175	0.195	0.118		
		0.207	0.15	0.12	0.282	0.258	0.107	0.163	0.107	0.146	0.173	0.22	0.132		
		
610	21.00	0.22	0.131	0.11	0.294	0.261	0.101	0.128	0.07	0.113	0.156	0.156	0.067		
		0.183	0.099	0.085	0.298	0.215	0.055	0.816	0.562	0.684	0.844	0.909	0.529		
		1.033	0.652	0.557	1.29	1.247	0.669	0.828	0.497	0.721	0.875	1.049	0.519		
		1.109	0.738	0.621	1.636	1.288	0.577	0.839	0.576	0.683	0.876	0.941	0.57		
		1.148	0.779	0.706	1.635	1.261	0.632	0.81	0.62	0.743	0.884	0.946	0.59		
		1.163	0.787	0.646	1.69	1.274	0.595	0.805	0.593	0.673	0.923	0.184	0.092		
		0.2	0.142	0.087	0.265	0.213	0.106	0.156	0.116	0.129	0.156	0.173	0.101		
		0.179	0.121	0.103	0.33	0.236	0.092	0.158	0.092	0.129	0.168	0.185	0.116		
		
620	21.00	0.193	0.118	0.096	0.276	0.221	0.087	0.115	0.064	0.09	0.139	0.136	0.059		
		0.172	0.084	0.074	0.255	0.194	0.048	0.8	0.548	0.668	0.826	0.889	0.527		
		1.011	0.65	0.55	1.305	1.22	0.654	0.812	0.5	0.708	0.858	1.03	0.507		
		1.084	0.721	0.607	1.598	1.26	0.565	0.823	0.566	0.671	0.861	0.925	0.558		
		1.127	0.763	0.691	1.605	1.238	0.619	0.797	0.609	0.731	0.869	0.931	0.58		
		1.143	0.772	0.634	1.66	1.252	0.585	0.791	0.584	0.663	0.908	0.156	0.079		
		0.178	0.121	0.074	0.25	0.197	0.091	0.147	0.104	0.113	0.138	0.178	0.087		
		0.168	0.11	0.088	0.264	0.228	0.08	0.141	0.078	0.114	0.16	0.174	0.101		
		
630	21.00	0.197	0.11	0.085	0.245	0.214	0.077	0.101	0.057	0.088	0.125	0.122	0.054		
		0.155	0.076	0.064	0.242	0.171	0.044	0.714	0.488	0.596	0.738	0.792	0.477		
		0.901	0.585	0.493	1.192	1.087	0.583	0.724	0.456	0.63	0.764	0.918	0.453		
		0.965	0.642	0.54	1.424	1.124	0.504	0.734	0.504	0.599	0.767	0.825	0.497		
		1.004	0.681	0.616	1.424	1.102	0.553	0.711	0.543	0.653	0.775	0.829	0.518		
		1.017	0.689	0.566	1.479	1.114	0.523	0.707	0.522	0.59	0.809	0.143	0.071		
		0.159	0.109	0.067	0.264	0.181	0.082	0.136	0.093	0.102	0.127	0.15	0.078		
		0.155	0.103	0.08	0.265	0.198	0.071	0.121	0.075	0.102	0.137	0.155	0.092		
		
640	21.00	0.171	0.094	0.077	0.231	0.198	0.071	0.098	0.052	0.081	0.111	0.109	0.051		
		0.138	0.069	0.061	0.265	0.166	0.042	0.566	0.39	0.474	0.58	0.63	0.383		
		0.713	0.47	0.396	0.961	0.862	0.465	0.575	0.37	0.5	0.608	0.727	0.362		
		0.763	0.508	0.431	1.128	0.899	0.399	0.582	0.402	0.475	0.61	0.654	0.396		
		0.793	0.54	0.487	1.129	0.872	0.44	0.565	0.432	0.519	0.616	0.659	0.413		
		0.804	0.547	0.45	1.169	0.881	0.415	0.559	0.415	0.47	0.643	0.132	0.066		
		0.145	0.099	0.062	0.205	0.175	0.077	0.114	0.09	0.096	0.122	0.145	0.071		
		0.16	0.089	0.073	0.237	0.195	0.065	0.121	0.067	0.095	0.135	0.15	0.081		
		
650	21.00	0.162	0.09	0.072	0.227	0.19	0.066	0.087	0.05	0.073	0.107	0.104	0.049		
		0.134	0.066	0.057	0.202	0.172	0.04	0.404	0.28	0.338	0.415	0.446	0.276		
		0.505	0.338	0.285	0.685	0.608	0.332	0.408	0.269	0.358	0.431	0.515	0.261		
		0.539	0.363	0.307	0.795	0.645	0.288	0.413	0.288	0.339	0.433	0.462	0.284		
		0.561	0.384	0.347	0.791	0.614	0.314	0.401	0.309	0.369	0.438	0.465	0.296		
		0.571	0.388	0.322	0.823	0.624	0.298	0.399	0.297	0.336	0.456	0.127	0.062		
		0.139	0.088	0.059	0.19	0.168	0.072	0.117	0.082	0.09	0.112	0.133	0.066		
		0.138	0.087	0.069	0.215	0.178	0.062	0.108	0.061	0.09	0.108	0.132	0.073		
		
660	21.00	0.145	0.087	0.07	0.207	0.173	0.064	0.083	0.048	0.069	0.103	0.097	0.047		
		0.124	0.061	0.054	0.192	0.137	0.039	0.255	0.181	0.216	0.263	0.284	0.182		
		0.321	0.218	0.187	0.436	0.383	0.213	0.259	0.177	0.229	0.274	0.325	0.171		
		0.341	0.233	0.199	0.496	0.415	0.186	0.263	0.186	0.217	0.274	0.295	0.183		
		0.354	0.247	0.223	0.497	0.387	0.203	0.257	0.2	0.236	0.279	0.297	0.192		
		0.359	0.248	0.207	0.514	0.389	0.193	0.254	0.194	0.215	0.288	0.116	0.06		
		0.13	0.086	0.056	0.205	0.153	0.07	0.106	0.076	0.084	0.106	0.138	0.063		
		0.126	0.077	0.064	0.211	0.178	0.059	0.1	0.061	0.085	0.119	0.136	0.074		
		
670	21.00	0.14	0.081	0.067	0.204	0.171	0.06	0.078	0.047	0.067	0.098	0.092	0.046		
		0.129	0.059	0.053	0.203	0.148	0.039	0.162	0.118	0.136	0.166	0.179	0.119		
		0.198	0.139	0.12	0.267	0.234	0.136	0.163	0.115	0.144	0.172	0.201	0.111		
		0.21	0.147	0.128	0.301	0.269	0.12	0.165	0.12	0.138	0.171	0.182	0.119		
		0.218	0.156	0.142	0.303	0.238	0.13	0.161	0.129	0.15	0.176	0.184	0.123		
		0.221	0.157	0.133	0.312	0.239	0.125	0.161	0.124	0.138	0.179	0.113	0.057		
		0.127	0.086	0.054	0.194	0.146	0.067	0.104	0.075	0.08	0.103	0.115	0.06		
		0.125	0.076	0.062	0.187	0.163	0.056	0.099	0.056	0.081	0.109	0.117	0.071		
		
680	21.00	0.138	0.078	0.063	0.205	0.153	0.058	0.078	0.046	0.063	0.091	0.086	0.045		
		0.114	0.056	0.05	0.176	0.124	0.038	0.098	0.075	0.086	0.101	0.108	0.077		
		0.118	0.087	0.077	0.151	0.136	0.085	0.098	0.074	0.089	0.103	0.118	0.072		
		0.123	0.091	0.081	0.169	0.17	0.077	0.1	0.076	0.086	0.103	0.109	0.076		
		0.127	0.096	0.088	0.17	0.137	0.083	0.099	0.081	0.093	0.106	0.111	0.079		
		0.129	0.097	0.084	0.173	0.139	0.079	0.099	0.079	0.086	0.108	0.1	0.054		
		0.118	0.08	0.051	0.183	0.136	0.064	0.106	0.072	0.079	0.096	0.117	0.058		
		0.138	0.075	0.06	0.202	0.154	0.055	0.092	0.056	0.079	0.104	0.117	0.066		
		
690	21.00	0.139	0.074	0.062	0.197	0.141	0.056	0.072	0.044	0.061	0.09	0.083	0.044		
		0.111	0.056	0.049	0.197	0.128	0.037	0.067	0.055	0.06	0.069	0.073	0.056		
		0.078	0.062	0.056	0.097	0.087	0.06	0.067	0.055	0.062	0.071	0.078	0.053		
		0.08	0.063	0.058	0.104	0.12	0.055	0.067	0.054	0.06	0.069	0.072	0.054		
		0.083	0.066	0.06	0.105	0.087	0.058	0.066	0.058	0.064	0.072	0.073	0.056		
		0.084	0.066	0.059	0.107	0.089	0.057	0.067	0.056	0.059	0.072	0.106	0.053		
		0.114	0.075	0.05	0.192	0.132	0.064	0.091	0.067	0.074	0.09	0.109	0.056		
		0.108	0.074	0.058	0.202	0.148	0.053	0.087	0.054	0.074	0.095	0.118	0.066		
		
700	21.00	0.129	0.071	0.06	0.182	0.14	0.056	0.072	0.044	0.063	0.084	0.082	0.044		
		0.105	0.052	0.048	0.177	0.116	0.037	0.048	0.042	0.045	0.049	0.053	0.043		
		0.055	0.046	0.043	0.064	0.059	0.045	0.048	0.043	0.046	0.05	0.054	0.041		
		0.055	0.046	0.044	0.067	0.092	0.043	0.048	0.042	0.044	0.049	0.051	0.042		
		0.058	0.049	0.045	0.069	0.06	0.045	0.049	0.044	0.048	0.052	0.053	0.044		
		0.058	0.049	0.045	0.068	0.06	0.044	0.05	0.044	0.045	0.051	0.099	0.052		
		0.114	0.075	0.049	0.17	0.134	0.061	0.095	0.067	0.071	0.09	0.115	0.054		
		0.112	0.067	0.057	0.181	0.144	0.052	0.087	0.053	0.073	0.098	0.107	0.063		
		
710	21.00	0.123	0.068	0.058	0.177	0.135	0.053	0.068	0.042	0.057	0.083	0.077	0.042		
		0.104	0.051	0.047	0.159	0.116	0.037	0.04	0.036	0.039	0.041	0.044	0.039		
		0.044	0.04	0.038	0.049	0.046	0.039	0.04	0.038	0.038	0.042	0.044	0.037		
		0.043	0.039	0.038	0.05	0.079	0.038	0.039	0.037	0.038	0.04	0.041	0.036		
		0.045	0.041	0.038	0.051	0.046	0.038	0.04	0.038	0.04	0.043	0.042	0.038		
		0.046	0.041	0.039	0.05	0.047	0.038	0.041	0.038	0.039	0.042	0.099	0.05		
		0.106	0.07	0.048	0.161	0.125	0.059	0.094	0.064	0.069	0.089	0.117	0.053		
		0.107	0.069	0.054	0.179	0.143	0.051	0.086	0.052	0.071	0.098	0.11	0.06		
		
720	21.00	0.117	0.066	0.057	0.17	0.131	0.052	0.065	0.041	0.057	0.081	0.076	0.041		
		0.097	0.051	0.046	0.176	0.117	0.036	0.036	0.035	0.034	0.036	0.039	0.037		
		0.039	0.037	0.036	0.042	0.04	0.035	0.036	0.036	0.035	0.038	0.039	0.034		
		0.038	0.036	0.036	0.042	0.073	0.035	0.036	0.034	0.035	0.036	0.037	0.034		
		0.04	0.037	0.035	0.042	0.04	0.036	0.036	0.035	0.036	0.039	0.038	0.036		
		0.04	0.037	0.036	0.042	0.04	0.035	0.037	0.035	0.036	0.037	0.095	0.048		
		0.107	0.071	0.046	0.162	0.124	0.058	0.085	0.062	0.068	0.087	0.103	0.051		
		0.098	0.064	0.053	0.186	0.148	0.05	0.081	0.05	0.068	0.091	0.099	0.06		
		
730	21.10	0.112	0.063	0.055	0.176	0.126	0.051	0.067	0.042	0.055	0.079	0.072	0.042		
		0.092	0.05	0.046	0.145	0.12	0.037	0.034	0.033	0.034	0.035	0.037	0.035		
		0.037	0.036	0.035	0.039	0.037	0.035	0.035	0.034	0.034	0.036	0.037	0.034		
		0.035	0.034	0.034	0.038	0.07	0.034	0.034	0.033	0.033	0.034	0.034	0.033		
		0.037	0.036	0.033	0.039	0.037	0.035	0.035	0.034	0.035	0.038	0.036	0.034		
		0.038	0.036	0.035	0.038	0.038	0.035	0.036	0.034	0.035	0.036	0.094	0.048		
		0.104	0.067	0.046	0.177	0.12	0.058	0.091	0.061	0.065	0.083	0.107	0.05		
		0.108	0.062	0.052	0.164	0.146	0.049	0.079	0.049	0.067	0.099	0.101	0.057		
		
740	21.10	0.111	0.065	0.055	0.174	0.127	0.052	0.065	0.042	0.053	0.08	0.073	0.043		
		0.095	0.051	0.046	0.151	0.103	0.038	0.035	0.035	0.035	0.036	0.038	0.037		
		0.038	0.037	0.036	0.039	0.038	0.036	0.036	0.036	0.035	0.037	0.037	0.035		
		0.036	0.036	0.036	0.038	0.07	0.035	0.035	0.034	0.034	0.035	0.036	0.035		
		0.038	0.037	0.036	0.039	0.038	0.036	0.036	0.036	0.037	0.038	0.037	0.036		
		0.039	0.038	0.037	0.039	0.039	0.036	0.037	0.036	0.036	0.037	0.095	0.048		
		0.103	0.069	0.048	0.16	0.121	0.058	0.078	0.059	0.065	0.083	0.1	0.051		
		0.102	0.066	0.052	0.186	0.13	0.048	0.076	0.049	0.066	0.078	0.099	0.057		
		
750	21.00	0.113	0.065	0.054	0.166	0.119	0.051	0.065	0.041	0.056	0.075	0.071	0.043		
		0.089	0.049	0.046	0.145	0.105	0.038	0.035	0.035	0.035	0.036	0.038	0.037		
		0.037	0.037	0.036	0.038	0.037	0.035	0.036	0.036	0.035	0.036	0.036	0.035		
		0.036	0.036	0.036	0.038	0.071	0.035	0.035	0.035	0.035	0.035	0.036	0.035		
		0.038	0.037	0.036	0.039	0.038	0.036	0.037	0.036	0.037	0.038	0.037	0.037		
		0.039	0.038	0.038	0.039	0.039	0.037	0.037	0.036	0.037	0.037	0.088	0.049		
		0.097	0.065	0.047	0.151	0.116	0.058	0.087	0.061	0.065	0.082	0.089	0.05		
		0.097	0.062	0.052	0.161	0.135	0.049	0.074	0.05	0.063	0.084	0.102	0.056		
		
~End
Copyright © 2004 Molecular Devices. All rights reserved.
