##BLOCKS= 2          
Plate:	Plate#1	1.3	PlateFormat	Spectrum	Absorbance	Raw	FALSE	41			350	750	10			1	12	96	1	8	None	
Wavelength(nm)	Temperature(¡C)	1	2	3	4	5	6	7	8	9	10	11	12		
350	21.10	0.195	0.261	0.394	0.428	0.478	0.415	0.619	0.701	0.687	0.647	0.306	0.673		
		0.252	0.252	0.362	0.428	0.464	0.385	0.62	0.539	0.579	0.706	0.317	0.775		
		0.308	0.289	0.399	0.411	0.441	0.391	0.591	0.485	0.525	0.617	0.29	0.649		
		0.246	0.289	0.37	0.411	0.434	0.384	0.589	0.565	0.526	0.75	0.415	0.844		
		0.402	0.385	0.551	0.674	0.63	0.562	0.861	0.709	0.749	0.907	0.382	0.965		
		0.413	0.38	0.541	0.621	0.65	0.556	0.749	0.605	0.737	0.858	0.348	0.897		
		0.103	0.124	0.123	0.13	0.133	0.115	0.134	0.115	0.133	0.133	0.11	0.181		
		0.09	0.079	0.086	0.079	0.087	0.079	0.094	0.082	0.49	0.698	0.264	0.876		
		
360	21.00	0.18	0.216	0.32	0.362	0.383	0.32	0.52	0.603	0.644	0.609	0.28	0.642		
		0.237	0.233	0.339	0.406	0.436	0.369	0.605	0.526	0.564	0.722	0.336	0.782		
		0.334	0.306	0.429	0.461	0.496	0.438	0.675	0.563	0.608	0.732	0.33	0.772		
		0.275	0.331	0.433	0.487	0.516	0.456	0.702	0.703	0.634	0.945	0.509	1.062		
		0.488	0.467	0.693	0.845	0.791	0.708	1.094	0.898	0.947	1.143	0.466	1.224		
		0.5	0.454	0.671	0.769	0.812	0.69	0.931	0.748	0.921	1.075	0.417	1.124		
		0.092	0.112	0.112	0.121	0.126	0.106	0.124	0.104	0.123	0.119	0.1	0.209		
		0.08	0.067	0.074	0.068	0.074	0.068	0.082	0.071	0.433	0.619	0.234	0.672		
		
370	21.00	0.16	0.203	0.275	0.323	0.36	0.332	0.5	0.568	0.613	0.589	0.266	0.62		
		0.226	0.219	0.318	0.387	0.423	0.363	0.605	0.523	0.561	0.759	0.361	0.812		
		0.35	0.33	0.471	0.519	0.562	0.496	0.774	0.65	0.703	0.856	0.374	0.907		
		0.305	0.373	0.497	0.565	0.602	0.529	0.826	0.834	0.747	1.126	0.597	1.27		
		0.568	0.541	0.821	0.999	0.943	0.841	1.309	1.07	1.127	1.371	0.542	1.465		
		0.579	0.521	0.785	0.911	0.965	0.816	1.113	0.888	1.098	1.282	0.481	1.348		
		0.08	0.101	0.101	0.113	0.116	0.098	0.117	0.096	0.121	0.11	0.092	0.188		
		0.064	0.055	0.062	0.055	0.062	0.058	0.072	0.06	0.403	0.607	0.218	0.457		
		
380	21.00	0.148	0.182	0.287	0.313	0.366	0.31	0.551	0.561	0.622	0.579	0.26	0.609		
		0.218	0.212	0.307	0.386	0.428	0.369	0.623	0.541	0.575	0.819	0.396	0.87		
		0.386	0.363	0.529	0.59	0.642	0.565	0.893	0.749	0.809	0.992	0.421	1.055		
		0.334	0.416	0.565	0.647	0.692	0.606	0.953	0.944	0.858	1.278	0.662	1.446		
		0.619	0.59	0.906	1.105	1.044	0.93	1.467	1.194	1.259	1.536	0.598	1.647		
		0.635	0.57	0.872	1.021	1.086	0.917	1.263	1.002	1.248	1.463	0.538	1.531		
		0.068	0.092	0.093	0.106	0.11	0.092	0.111	0.09	0.111	0.105	0.085	0.166		
		0.047	0.042	0.049	0.041	0.049	0.047	0.061	0.048	0.389	0.61	0.212	0.439		
		
390	21.00	0.151	0.188	0.274	0.334	0.364	0.304	0.604	0.568	0.61	0.595	0.271	0.628		
		0.234	0.229	0.325	0.418	0.461	0.398	0.682	0.59	0.629	0.922	0.453	0.972		
		0.444	0.418	0.611	0.679	0.742	0.649	1.034	0.857	0.929	1.137	0.474	1.211		
		0.372	0.468	0.64	0.73	0.78	0.684	1.072	0.998	0.959	1.34	0.689	1.524		
		0.615	0.585	0.899	1.092	1.034	0.922	1.465	1.192	1.258	1.549	0.604	1.66		
		0.648	0.581	0.885	1.046	1.121	0.948	1.328	1.05	1.314	1.555	0.574	1.608		
		0.07	0.099	0.099	0.113	0.119	0.099	0.12	0.096	0.118	0.114	0.091	0.164		
		0.044	0.041	0.047	0.039	0.047	0.045	0.06	0.046	0.415	0.581	0.219	0.412		
		
400	21.00	0.157	0.196	0.289	0.348	0.36	0.337	0.543	0.534	0.641	0.621	0.288	0.665		
		0.25	0.244	0.35	0.451	0.499	0.434	0.744	0.645	0.685	1.016	0.502	1.068		
		0.491	0.46	0.679	0.741	0.812	0.709	1.13	0.925	1.001	1.22	0.505	1.297		
		0.394	0.495	0.678	0.77	0.822	0.721	1.125	0.985	0.999	1.312	0.668	1.497		
		0.569	0.541	0.83	1.004	0.951	0.848	1.359	1.106	1.167	1.451	0.57	1.556		
		0.616	0.553	0.838	1	1.077	0.913	1.297	1.024	1.287	1.535	0.573	1.571		
		0.076	0.107	0.108	0.123	0.129	0.107	0.13	0.104	0.128	0.125	0.099	0.192		
		0.045	0.041	0.048	0.039	0.048	0.046	0.061	0.047	0.445	0.534	0.224	0.481		
		
410	21.00	0.173	0.21	0.31	0.364	0.414	0.404	0.565	0.544	0.7	0.676	0.318	0.719		
		0.277	0.267	0.383	0.494	0.543	0.476	0.813	0.706	0.749	1.116	0.548	1.173		
		0.535	0.5	0.743	0.789	0.864	0.752	1.202	0.96	1.039	1.253	0.516	1.332		
		0.398	0.501	0.687	0.775	0.827	0.726	1.126	0.943	0.995	1.245	0.632	1.427		
		0.519	0.493	0.756	0.909	0.862	0.771	1.24	1.008	1.065	1.332	0.527	1.431		
		0.573	0.516	0.778	0.932	1.008	0.855	1.226	0.968	1.222	1.464	0.551	1.484		
		0.083	0.117	0.117	0.136	0.143	0.118	0.143	0.114	0.141	0.138	0.108	0.245		
		0.046	0.042	0.049	0.04	0.049	0.047	0.063	0.048	0.481	0.526	0.242	0.549		
		
420	21.00	0.186	0.226	0.324	0.393	0.455	0.386	0.608	0.545	0.746	0.721	0.346	0.765		
		0.302	0.291	0.411	0.538	0.592	0.515	0.876	0.761	0.809	1.197	0.582	1.257		
		0.564	0.528	0.785	0.81	0.888	0.769	1.227	0.957	1.034	1.227	0.504	1.304		
		0.386	0.484	0.664	0.744	0.794	0.698	1.077	0.884	0.95	1.164	0.592	1.335		
		0.478	0.456	0.697	0.837	0.795	0.708	1.141	0.929	0.982	1.228	0.488	1.319		
		0.532	0.479	0.72	0.863	0.937	0.796	1.137	0.9	1.138	1.362	0.514	1.38		
		0.089	0.128	0.129	0.149	0.154	0.129	0.156	0.124	0.156	0.151	0.117	0.249		
		0.046	0.042	0.05	0.04	0.05	0.047	0.064	0.049	0.457	0.568	0.261	0.565		
		
430	21.00	0.193	0.231	0.34	0.407	0.449	0.383	0.676	0.59	0.773	0.75	0.361	0.799		
		0.317	0.31	0.431	0.568	0.618	0.544	0.916	0.798	0.846	1.241	0.598	1.304		
		0.576	0.539	0.802	0.809	0.887	0.767	1.221	0.933	1.007	1.182	0.485	1.256		
		0.37	0.463	0.635	0.707	0.755	0.663	1.02	0.835	0.899	1.098	0.559	1.258		
		0.454	0.432	0.66	0.793	0.752	0.671	1.077	0.877	0.927	1.157	0.461	1.243		
		0.502	0.452	0.679	0.811	0.882	0.751	1.067	0.844	1.071	1.276	0.484	1.294		
		0.094	0.137	0.138	0.159	0.17	0.138	0.166	0.132	0.168	0.162	0.125	0.244		
		0.047	0.043	0.051	0.04	0.051	0.048	0.065	0.049	0.469	0.585	0.269	0.601		
		
440	21.00	0.2	0.235	0.351	0.409	0.443	0.437	0.683	0.591	0.773	0.776	0.374	0.83		
		0.336	0.324	0.449	0.591	0.641	0.564	0.945	0.822	0.872	1.264	0.6	1.333		
		0.575	0.538	0.802	0.794	0.87	0.752	1.195	0.9	0.972	1.13	0.465	1.2		
		0.352	0.441	0.603	0.67	0.715	0.628	0.965	0.794	0.85	1.046	0.535	1.196		
		0.439	0.417	0.638	0.767	0.725	0.648	1.037	0.845	0.892	1.11	0.444	1.194		
		0.481	0.434	0.649	0.775	0.842	0.716	1.011	0.801	1.017	1.209	0.458	1.228		
		0.1	0.145	0.148	0.17	0.177	0.147	0.177	0.141	0.178	0.173	0.131	0.262		
		0.048	0.043	0.052	0.04	0.052	0.048	0.066	0.049	0.487	0.588	0.279	0.614		
		
450	21.00	0.207	0.24	0.35	0.416	0.458	0.43	0.642	0.605	0.783	0.79	0.391	0.855		
		0.349	0.335	0.465	0.61	0.662	0.576	0.954	0.829	0.88	1.253	0.585	1.326		
		0.556	0.52	0.775	0.761	0.834	0.721	1.143	0.86	0.929	1.078	0.444	1.143		
		0.336	0.421	0.576	0.64	0.682	0.6	0.92	0.772	0.812	1.02	0.523	1.163		
		0.437	0.415	0.634	0.764	0.723	0.646	1.029	0.839	0.885	1.097	0.438	1.18		
		0.473	0.427	0.64	0.761	0.825	0.702	0.986	0.78	0.992	1.172	0.443	1.194		
		0.107	0.152	0.159	0.182	0.19	0.157	0.188	0.15	0.193	0.185	0.14	0.314		
		0.049	0.044	0.053	0.041	0.053	0.049	0.068	0.05	0.503	0.587	0.281	0.61		
		
460	21.00	0.211	0.24	0.345	0.409	0.452	0.404	0.634	0.671	0.751	0.779	0.4	0.841		
		0.36	0.346	0.47	0.619	0.66	0.582	0.939	0.825	0.869	1.206	0.55	1.285		
		0.519	0.485	0.72	0.705	0.775	0.669	1.061	0.802	0.864	1.007	0.415	1.068		
		0.316	0.397	0.54	0.603	0.642	0.565	0.867	0.751	0.768	0.994	0.514	1.133		
		0.439	0.417	0.639	0.771	0.729	0.65	1.033	0.842	0.887	1.096	0.437	1.179		
		0.469	0.422	0.635	0.752	0.812	0.69	0.962	0.762	0.966	1.138	0.429	1.167		
		0.114	0.159	0.171	0.195	0.203	0.169	0.2	0.161	0.207	0.198	0.149	0.317		
		0.05	0.044	0.053	0.041	0.054	0.05	0.069	0.05	0.503	0.6	0.278	0.577		
		
470	21.00	0.22	0.251	0.346	0.41	0.447	0.416	0.597	0.713	0.778	0.76	0.413	0.822		
		0.368	0.354	0.473	0.624	0.658	0.581	0.907	0.804	0.846	1.129	0.5	1.215		
		0.463	0.434	0.642	0.627	0.687	0.596	0.943	0.719	0.776	0.908	0.379	0.961		
		0.29	0.362	0.491	0.55	0.586	0.516	0.794	0.721	0.707	0.961	0.499	1.091		
		0.444	0.423	0.646	0.78	0.739	0.658	1.04	0.848	0.894	1.095	0.435	1.178		
		0.464	0.418	0.629	0.74	0.795	0.676	0.933	0.739	0.933	1.093	0.41	1.135		
		0.123	0.168	0.185	0.209	0.219	0.183	0.216	0.173	0.221	0.216	0.16	0.325		
		0.051	0.045	0.054	0.041	0.055	0.05	0.071	0.051	0.481	0.605	0.289	0.536		
		
480	21.00	0.224	0.25	0.351	0.393	0.44	0.415	0.631	0.691	0.805	0.741	0.402	0.801		
		0.374	0.365	0.483	0.619	0.655	0.57	0.859	0.764	0.808	1.019	0.433	1.113		
		0.39	0.366	0.539	0.521	0.571	0.497	0.78	0.608	0.656	0.768	0.327	0.818		
		0.254	0.316	0.427	0.483	0.515	0.452	0.7	0.685	0.628	0.923	0.486	1.042		
		0.455	0.433	0.661	0.803	0.76	0.678	1.06	0.863	0.91	1.106	0.437	1.188		
		0.462	0.415	0.627	0.73	0.78	0.662	0.899	0.713	0.894	1.038	0.386	1.1		
		0.136	0.181	0.204	0.23	0.242	0.203	0.237	0.191	0.247	0.238	0.176	0.352		
		0.053	0.046	0.056	0.042	0.057	0.052	0.073	0.052	0.491	0.619	0.287	0.557		
		
490	21.00	0.232	0.256	0.353	0.382	0.429	0.413	0.601	0.624	0.804	0.719	0.406	0.774		
		0.375	0.363	0.485	0.612	0.64	0.556	0.812	0.727	0.772	0.917	0.371	1.015		
		0.323	0.303	0.442	0.427	0.465	0.408	0.638	0.51	0.548	0.654	0.281	0.695		
		0.222	0.276	0.37	0.424	0.451	0.396	0.619	0.67	0.563	0.913	0.484	1.024		
		0.48	0.457	0.701	0.854	0.81	0.721	1.117	0.911	0.958	1.153	0.452	1.241		
		0.473	0.424	0.647	0.745	0.789	0.668	0.892	0.709	0.881	1.013	0.371	1.099		
		0.147	0.192	0.222	0.25	0.261	0.22	0.256	0.207	0.265	0.259	0.19	0.385		
		0.052	0.045	0.056	0.041	0.059	0.051	0.075	0.052	0.469	0.612	0.283	0.554		
		
500	21.00	0.232	0.251	0.34	0.394	0.461	0.381	0.569	0.665	0.788	0.698	0.405	0.754		
		0.382	0.362	0.483	0.601	0.63	0.549	0.764	0.693	0.732	0.811	0.312	0.911		
		0.257	0.242	0.35	0.337	0.367	0.324	0.504	0.421	0.453	0.551	0.242	0.586		
		0.195	0.242	0.322	0.378	0.402	0.352	0.558	0.692	0.517	0.955	0.512	1.065		
		0.54	0.514	0.792	0.969	0.916	0.814	1.255	1.023	1.077	1.283	0.497	1.378		
		0.515	0.459	0.708	0.805	0.847	0.716	0.938	0.744	0.918	1.044	0.375	1.15		
		0.159	0.204	0.239	0.269	0.282	0.239	0.275	0.224	0.286	0.28	0.204	0.437		
		0.053	0.046	0.057	0.041	0.06	0.053	0.077	0.052	0.453	0.607	0.287	0.548		
		
510	21.00	0.237	0.255	0.34	0.389	0.439	0.387	0.524	0.645	0.79	0.685	0.405	0.748		
		0.383	0.376	0.472	0.605	0.62	0.539	0.73	0.664	0.702	0.726	0.266	0.828		
		0.206	0.195	0.278	0.27	0.292	0.261	0.405	0.363	0.391	0.49	0.219	0.522		
		0.183	0.225	0.299	0.36	0.383	0.335	0.542	0.769	0.512	1.08	0.581	1.198		
		0.643	0.613	0.947	1.162	1.105	0.979	1.503	1.223	1.291	1.519	0.583	1.634		
		0.599	0.531	0.824	0.935	0.976	0.82	1.061	0.843	1.034	1.164	0.408	1.297		
		0.172	0.216	0.257	0.289	0.304	0.257	0.295	0.241	0.313	0.303	0.221	0.431		
		0.053	0.046	0.058	0.042	0.061	0.053	0.079	0.053	0.427	0.582	0.285	0.532		
		
520	21.00	0.235	0.247	0.335	0.381	0.446	0.373	0.496	0.622	0.733	0.681	0.4	0.733		
		0.379	0.368	0.473	0.578	0.607	0.519	0.696	0.639	0.672	0.661	0.233	0.764		
		0.171	0.162	0.226	0.231	0.249	0.226	0.35	0.341	0.368	0.478	0.216	0.51		
		0.184	0.227	0.302	0.372	0.398	0.346	0.572	0.9	0.549	1.274	0.684	1.406		
		0.78	0.741	1.154	1.414	1.346	1.194	1.833	1.489	1.565	1.845	0.698	1.984		
		0.713	0.63	0.99	1.116	1.163	0.976	1.256	0.995	1.214	1.361	0.466	1.528		
		0.18	0.223	0.266	0.299	0.313	0.268	0.306	0.251	0.32	0.313	0.229	0.429		
		0.054	0.046	0.059	0.042	0.062	0.054	0.079	0.054	0.461	0.57	0.29	0.521		
		
530	21.00	0.227	0.244	0.335	0.354	0.42	0.337	0.496	0.641	0.693	0.659	0.383	0.701		
		0.365	0.348	0.458	0.561	0.582	0.492	0.659	0.61	0.641	0.605	0.206	0.705		
		0.146	0.138	0.191	0.215	0.232	0.212	0.332	0.35	0.378	0.508	0.229	0.542		
		0.199	0.247	0.329	0.414	0.442	0.384	0.645	1.081	0.627	1.545	0.825	1.698		
		0.958	0.911	1.426	1.749	1.664	1.473	2.261	1.839	1.933	2.273	0.854	2.443		
		0.871	0.766	1.212	1.364	1.423	1.189	1.517	1.202	1.473	1.644	0.553	1.852		
		0.177	0.218	0.262	0.293	0.309	0.264	0.3	0.247	0.322	0.308	0.224	0.441		
		0.053	0.046	0.059	0.042	0.062	0.054	0.079	0.054	0.445	0.522	0.28	0.502		
		
540	21.00	0.224	0.23	0.311	0.338	0.418	0.359	0.496	0.645	0.649	0.617	0.373	0.662		
		0.342	0.333	0.441	0.532	0.556	0.475	0.62	0.576	0.609	0.555	0.184	0.653		
		0.128	0.122	0.166	0.218	0.235	0.217	0.342	0.385	0.418	0.578	0.259	0.619		
		0.227	0.282	0.38	0.486	0.522	0.45	0.772	1.37	0.756	1.967	1.048	2.152		
		1.24	1.168	1.841	2.249	2.15	1.899	2.923	2.376	2.484	2.917	1.09	3.101		
		1.11	0.972	1.553	1.742	1.816	1.514	1.926	1.529	1.869	2.07	0.689	2.344		
		0.17	0.207	0.249	0.278	0.29	0.252	0.285	0.236	0.295	0.294	0.215	0.439		
		0.054	0.046	0.059	0.043	0.062	0.054	0.079	0.055	0.435	0.501	0.259	0.522		
		
550	21.00	0.208	0.226	0.297	0.339	0.412	0.366	0.501	0.601	0.672	0.579	0.371	0.643		
		0.327	0.317	0.413	0.514	0.54	0.454	0.595	0.554	0.584	0.523	0.17	0.62		
		0.119	0.114	0.153	0.232	0.249	0.231	0.371	0.434	0.473	0.662	0.293	0.711		
		0.257	0.323	0.437	0.564	0.607	0.522	0.901	1.637	0.887	2.35	1.249	2.575		
		1.479	1.403	2.211	2.707	2.584	2.288	3.43	2.836	2.971	3.399	1.305	3.552		
		1.326	1.159	1.862	2.088	2.173	1.815	2.305	1.826	2.234	2.475	0.812	2.794		
		0.162	0.196	0.237	0.264	0.28	0.24	0.271	0.225	0.292	0.278	0.204	0.407		
		0.053	0.046	0.059	0.043	0.062	0.054	0.08	0.056	0.383	0.51	0.272	0.459		
		
560	21.00	0.198	0.215	0.302	0.322	0.354	0.311	0.463	0.567	0.666	0.557	0.326	0.628		
		0.307	0.292	0.391	0.486	0.51	0.424	0.559	0.52	0.549	0.486	0.154	0.581		
		0.112	0.107	0.141	0.255	0.275	0.257	0.417	0.501	0.546	0.773	0.338	0.83		
		0.296	0.372	0.507	0.648	0.697	0.602	1.028	1.717	0.997	2.436	1.293	2.658		
		1.488	1.412	2.213	2.68	2.571	2.292	3.231	2.808	2.92	3.239	1.326	3.31		
		1.354	1.186	1.899	2.141	2.23	1.87	2.395	1.906	2.319	2.582	0.866	2.849		
		0.144	0.172	0.207	0.23	0.241	0.211	0.238	0.199	0.25	0.245	0.18	0.324		
		0.053	0.045	0.059	0.043	0.062	0.054	0.08	0.056	0.401	0.523	0.265	0.469		
		
570	21.10	0.18	0.197	0.291	0.305	0.364	0.31	0.415	0.568	0.65	0.516	0.307	0.605		
		0.254	0.251	0.35	0.427	0.452	0.366	0.5	0.456	0.492	0.426	0.125	0.524		
		0.099	0.094	0.125	0.285	0.308	0.287	0.472	0.581	0.634	0.901	0.388	0.966		
		0.335	0.424	0.58	0.725	0.776	0.672	1.121	1.521	1.059	2.134	1.107	2.364		
		1.18	1.123	1.757	2.146	2.053	1.821	2.791	2.285	2.417	2.845	1.083	3.01		
		1.128	0.99	1.574	1.809	1.892	1.589	2.126	1.685	2.053	2.362	0.813	2.568		
		0.109	0.128	0.151	0.166	0.179	0.154	0.173	0.145	0.183	0.177	0.133	0.285		
		0.051	0.044	0.057	0.041	0.06	0.053	0.079	0.054	0.428	0.545	0.23	0.469		
		
580	21.00	0.158	0.185	0.277	0.284	0.338	0.26	0.4	0.577	0.636	0.479	0.271	0.556		
		0.204	0.198	0.314	0.379	0.391	0.312	0.435	0.397	0.432	0.371	0.097	0.47		
		0.087	0.084	0.109	0.318	0.342	0.319	0.53	0.657	0.719	1.03	0.437	1.102		
		0.376	0.476	0.652	0.8	0.857	0.744	1.22	1.365	1.124	1.871	0.957	2.109		
		0.924	0.881	1.367	1.656	1.589	1.414	2.233	1.817	1.919	2.327	0.881	2.49		
		0.936	0.829	1.305	1.529	1.614	1.357	1.903	1.503	1.828	2.173	0.774	2.295		
		0.073	0.084	0.097	0.105	0.112	0.098	0.109	0.093	0.122	0.111	0.087	0.215		
		0.05	0.043	0.056	0.041	0.059	0.052	0.078	0.054	0.42	0.567	0.194	0.454		
		
590	21.00	0.14	0.164	0.262	0.273	0.315	0.253	0.388	0.483	0.602	0.464	0.222	0.513		
		0.164	0.157	0.268	0.331	0.344	0.271	0.384	0.346	0.382	0.326	0.076	0.425		
		0.08	0.077	0.1	0.356	0.383	0.357	0.6	0.749	0.819	1.175	0.495	1.262		
		0.423	0.536	0.739	0.897	0.961	0.834	1.358	1.338	1.235	1.804	0.911	2.05		
		0.803	0.772	1.187	1.432	1.376	1.227	1.969	1.6	1.691	2.092	0.799	2.24		
		0.865	0.771	1.2	1.432	1.521	1.284	1.86	1.47	1.783	2.168	0.79	2.239		
		0.049	0.053	0.059	0.062	0.068	0.059	0.064	0.057	0.07	0.064	0.055	0.16		
		0.047	0.04	0.053	0.038	0.055	0.049	0.073	0.051	0.328	0.523	0.201	0.483		
		
600	21.10	0.118	0.153	0.232	0.245	0.304	0.254	0.357	0.464	0.535	0.459	0.196	0.481		
		0.134	0.129	0.237	0.296	0.312	0.237	0.353	0.31	0.345	0.295	0.069	0.386		
		0.08	0.077	0.099	0.396	0.428	0.397	0.672	0.84	0.922	1.323	0.554	1.42		
		0.471	0.598	0.824	0.999	1.07	0.931	1.504	1.407	1.362	1.88	0.944	2.146		
		0.796	0.767	1.174	1.411	1.359	1.212	1.96	1.594	1.686	2.103	0.807	2.251		
		0.881	0.786	1.221	1.47	1.566	1.323	1.946	1.538	1.864	2.288	0.841	2.339		
		0.039	0.041	0.044	0.046	0.052	0.044	0.047	0.042	0.057	0.046	0.042	0.096		
		0.043	0.037	0.049	0.035	0.049	0.045	0.068	0.047	0.379	0.469	0.165	0.45		
		
610	21.10	0.105	0.135	0.216	0.23	0.275	0.243	0.383	0.426	0.539	0.416	0.173	0.439		
		0.111	0.107	0.208	0.252	0.273	0.205	0.321	0.281	0.311	0.27	0.066	0.348		
		0.082	0.078	0.102	0.428	0.462	0.43	0.731	0.914	1.003	1.44	0.597	1.544		
		0.506	0.645	0.89	1.077	1.154	1.002	1.618	1.472	1.458	1.964	0.98	2.242		
		0.812	0.782	1.197	1.437	1.385	1.235	2.005	1.63	1.726	2.158	0.827	2.307		
		0.906	0.809	1.257	1.518	1.619	1.368	2.025	1.6	1.941	2.383	0.879	2.429		
		0.036	0.037	0.039	0.04	0.044	0.039	0.041	0.038	0.046	0.039	0.038	0.125		
		0.04	0.035	0.046	0.034	0.045	0.042	0.062	0.045	0.382	0.399	0.156	0.402		
		
620	21.10	0.09	0.113	0.194	0.222	0.252	0.191	0.306	0.409	0.503	0.358	0.144	0.404		
		0.093	0.098	0.194	0.216	0.241	0.18	0.291	0.248	0.278	0.245	0.064	0.31		
		0.082	0.079	0.102	0.438	0.473	0.439	0.749	0.935	1.027	1.473	0.608	1.579		
		0.513	0.653	0.903	1.088	1.165	1.012	1.634	1.46	1.466	1.943	0.966	2.218		
		0.791	0.763	1.17	1.402	1.35	1.205	1.959	1.593	1.686	2.112	0.808	2.255		
		0.886	0.791	1.23	1.488	1.588	1.341	1.989	1.572	1.907	2.343	0.865	2.387		
		0.035	0.035	0.037	0.037	0.045	0.037	0.037	0.036	0.046	0.037	0.036	0.111		
		0.037	0.033	0.042	0.032	0.041	0.039	0.057	0.041	0.306	0.379	0.137	0.402		
		
630	21.10	0.079	0.106	0.168	0.197	0.211	0.176	0.31	0.369	0.467	0.327	0.135	0.37		
		0.083	0.082	0.175	0.193	0.214	0.161	0.264	0.221	0.25	0.22	0.061	0.276		
		0.078	0.075	0.096	0.406	0.439	0.408	0.696	0.864	0.949	1.361	0.559	1.459		
		0.468	0.597	0.828	0.994	1.064	0.924	1.491	1.314	1.335	1.752	0.865	2		
		0.706	0.68	1.038	1.249	1.2	1.07	1.749	1.419	1.503	1.887	0.722	2.015		
		0.788	0.705	1.094	1.324	1.415	1.193	1.775	1.401	1.705	2.099	0.771	2.139		
		0.034	0.034	0.036	0.037	0.04	0.036	0.037	0.035	0.038	0.035	0.035	0.084		
		0.035	0.031	0.04	0.031	0.039	0.037	0.054	0.039	0.283	0.349	0.119	0.378		
		
640	21.10	0.074	0.095	0.152	0.185	0.226	0.182	0.256	0.353	0.413	0.31	0.117	0.359		
		0.076	0.074	0.146	0.174	0.193	0.144	0.241	0.203	0.228	0.197	0.056	0.246		
		0.07	0.067	0.085	0.334	0.361	0.336	0.573	0.704	0.773	1.105	0.454	1.183		
		0.38	0.483	0.669	0.801	0.856	0.742	1.199	1.041	1.073	1.39	0.69	1.588		
		0.559	0.538	0.821	0.986	0.95	0.846	1.377	1.119	1.187	1.497	0.571	1.593		
		0.624	0.558	0.864	1.045	1.118	0.94	1.392	1.101	1.342	1.661	0.611	1.696		
		0.034	0.034	0.035	0.037	0.041	0.035	0.036	0.035	0.041	0.035	0.035	0.076		
		0.034	0.031	0.038	0.031	0.037	0.036	0.051	0.038	0.314	0.352	0.109	0.356		
		
650	21.10	0.068	0.091	0.145	0.179	0.196	0.168	0.252	0.351	0.382	0.284	0.108	0.346		
		0.072	0.07	0.136	0.159	0.18	0.132	0.223	0.188	0.209	0.177	0.051	0.22		
		0.06	0.058	0.07	0.247	0.267	0.249	0.416	0.511	0.557	0.797	0.331	0.85		
		0.278	0.35	0.48	0.577	0.613	0.531	0.855	0.74	0.76	0.982	0.492	1.128		
		0.397	0.384	0.582	0.696	0.668	0.6	0.973	0.788	0.837	1.047	0.404	1.121		
		0.441	0.4	0.611	0.737	0.785	0.664	0.984	0.777	0.941	1.166	0.432	1.192		
		0.034	0.034	0.035	0.036	0.039	0.035	0.036	0.035	0.037	0.035	0.035	0.091		
		0.033	0.03	0.037	0.03	0.036	0.035	0.048	0.036	0.296	0.346	0.111	0.336		
		
660	21.10	0.066	0.085	0.144	0.172	0.195	0.183	0.231	0.307	0.337	0.282	0.104	0.323		
		0.067	0.066	0.133	0.151	0.166	0.127	0.208	0.177	0.194	0.16	0.046	0.198		
		0.05	0.049	0.056	0.165	0.177	0.167	0.27	0.328	0.358	0.505	0.216	0.54		
		0.182	0.226	0.307	0.365	0.388	0.339	0.54	0.465	0.48	0.618	0.312	0.704		
		0.253	0.245	0.365	0.438	0.418	0.377	0.607	0.494	0.52	0.653	0.258	0.697		
		0.28	0.257	0.38	0.46	0.49	0.415	0.612	0.484	0.588	0.724	0.275	0.741		
		0.033	0.033	0.035	0.036	0.039	0.035	0.035	0.034	0.04	0.034	0.034	0.082		
		0.032	0.029	0.036	0.029	0.034	0.034	0.047	0.035	0.268	0.346	0.102	0.321		
		
670	21.10	0.063	0.083	0.131	0.158	0.173	0.144	0.247	0.276	0.315	0.27	0.097	0.299		
		0.064	0.064	0.127	0.142	0.158	0.118	0.197	0.163	0.182	0.147	0.044	0.181		
		0.045	0.044	0.048	0.11	0.117	0.112	0.173	0.205	0.222	0.309	0.14	0.328		
		0.119	0.146	0.193	0.227	0.24	0.211	0.329	0.283	0.294	0.37	0.195	0.424		
		0.16	0.155	0.225	0.269	0.257	0.233	0.365	0.298	0.315	0.395	0.163	0.419		
		0.176	0.164	0.235	0.28	0.298	0.254	0.367	0.295	0.355	0.436	0.171	0.449		
		0.034	0.033	0.034	0.036	0.038	0.035	0.035	0.035	0.036	0.035	0.035	0.079		
		0.032	0.029	0.035	0.03	0.035	0.034	0.046	0.036	0.244	0.32	0.087	0.302		
		
680	21.10	0.06	0.078	0.126	0.152	0.179	0.152	0.251	0.275	0.308	0.271	0.092	0.285		
		0.062	0.06	0.117	0.132	0.152	0.111	0.185	0.154	0.171	0.137	0.041	0.167		
		0.04	0.039	0.041	0.074	0.077	0.076	0.106	0.123	0.13	0.176	0.088	0.186		
		0.077	0.092	0.115	0.132	0.141	0.124	0.187	0.16	0.168	0.206	0.118	0.231		
		0.098	0.096	0.131	0.154	0.148	0.134	0.203	0.169	0.178	0.219	0.1	0.232		
		0.107	0.104	0.137	0.159	0.169	0.145	0.204	0.166	0.197	0.24	0.104	0.251		
		0.034	0.033	0.034	0.035	0.038	0.035	0.034	0.034	0.038	0.034	0.034	0.071		
		0.031	0.028	0.035	0.029	0.034	0.033	0.044	0.034	0.241	0.298	0.087	0.287		
		
690	21.10	0.058	0.077	0.118	0.137	0.167	0.149	0.208	0.27	0.328	0.257	0.088	0.272		
		0.061	0.059	0.111	0.128	0.142	0.108	0.177	0.148	0.164	0.129	0.039	0.158		
		0.038	0.037	0.038	0.055	0.057	0.058	0.073	0.081	0.084	0.109	0.063	0.114		
		0.056	0.065	0.077	0.087	0.09	0.08	0.115	0.1	0.104	0.125	0.079	0.139		
		0.067	0.066	0.085	0.099	0.094	0.086	0.123	0.105	0.109	0.132	0.068	0.139		
		0.073	0.073	0.088	0.1	0.106	0.093	0.124	0.103	0.119	0.144	0.071	0.153		
		0.034	0.033	0.035	0.035	0.041	0.034	0.034	0.034	0.034	0.033	0.034	0.076		
		0.03	0.027	0.033	0.028	0.032	0.031	0.043	0.033	0.272	0.277	0.081	0.284		
		
700	21.10	0.057	0.075	0.116	0.139	0.161	0.15	0.221	0.261	0.319	0.242	0.086	0.255		
		0.058	0.056	0.108	0.121	0.137	0.103	0.171	0.143	0.157	0.123	0.039	0.15		
		0.037	0.036	0.036	0.044	0.045	0.048	0.053	0.058	0.059	0.072	0.048	0.073		
		0.044	0.049	0.054	0.06	0.061	0.056	0.075	0.066	0.068	0.078	0.057	0.085		
		0.049	0.049	0.058	0.066	0.062	0.059	0.077	0.068	0.07	0.082	0.049	0.085		
		0.052	0.055	0.06	0.066	0.068	0.061	0.077	0.067	0.075	0.088	0.05	0.097		
		0.033	0.033	0.034	0.035	0.038	0.035	0.035	0.034	0.037	0.034	0.035	0.072		
		0.03	0.028	0.033	0.029	0.032	0.032	0.043	0.033	0.251	0.243	0.084	0.275		
		
710	21.10	0.054	0.073	0.11	0.144	0.16	0.137	0.241	0.242	0.284	0.223	0.088	0.248		
		0.056	0.055	0.105	0.114	0.13	0.098	0.164	0.14	0.15	0.117	0.037	0.142		
		0.036	0.036	0.036	0.04	0.04	0.043	0.044	0.047	0.046	0.052	0.041	0.053		
		0.039	0.042	0.044	0.048	0.048	0.045	0.055	0.049	0.051	0.055	0.046	0.058		
		0.041	0.041	0.046	0.051	0.048	0.046	0.056	0.051	0.052	0.058	0.041	0.059		
		0.043	0.048	0.048	0.049	0.052	0.048	0.056	0.051	0.054	0.063	0.042	0.07		
		0.033	0.033	0.035	0.035	0.039	0.035	0.034	0.034	0.034	0.034	0.035	0.072		
		0.03	0.027	0.032	0.028	0.032	0.031	0.041	0.032	0.254	0.237	0.08	0.283		
		
720	21.10	0.054	0.068	0.106	0.136	0.144	0.138	0.208	0.233	0.27	0.213	0.084	0.244		
		0.056	0.055	0.102	0.112	0.127	0.096	0.158	0.134	0.145	0.114	0.038	0.138		
		0.036	0.035	0.035	0.037	0.037	0.041	0.039	0.04	0.04	0.044	0.038	0.044		
		0.037	0.039	0.039	0.043	0.043	0.04	0.046	0.042	0.043	0.046	0.041	0.048		
		0.037	0.039	0.04	0.044	0.041	0.04	0.046	0.043	0.043	0.047	0.037	0.047		
		0.039	0.044	0.042	0.043	0.044	0.041	0.045	0.043	0.045	0.051	0.039	0.058		
		0.034	0.034	0.035	0.036	0.039	0.035	0.035	0.034	0.037	0.035	0.035	0.068		
		0.029	0.027	0.032	0.028	0.031	0.031	0.041	0.032	0.227	0.267	0.075	0.276		
		
730	21.10	0.053	0.067	0.108	0.128	0.152	0.15	0.187	0.202	0.263	0.201	0.079	0.238		
		0.055	0.053	0.097	0.109	0.122	0.093	0.15	0.127	0.14	0.11	0.038	0.132		
		0.036	0.037	0.035	0.036	0.036	0.041	0.038	0.038	0.037	0.04	0.037	0.039		
		0.035	0.037	0.036	0.04	0.039	0.036	0.042	0.038	0.039	0.04	0.039	0.041		
		0.036	0.037	0.037	0.041	0.039	0.038	0.041	0.039	0.04	0.043	0.037	0.043		
		0.038	0.043	0.04	0.039	0.04	0.038	0.041	0.039	0.04	0.046	0.037	0.053		
		0.035	0.035	0.036	0.037	0.039	0.036	0.036	0.036	0.035	0.036	0.037	0.068		
		0.03	0.027	0.032	0.028	0.031	0.031	0.04	0.032	0.24	0.272	0.072	0.265		
		
740	21.10	0.052	0.07	0.101	0.119	0.161	0.142	0.208	0.187	0.256	0.198	0.077	0.226		
		0.055	0.052	0.096	0.106	0.12	0.09	0.147	0.125	0.136	0.107	0.038	0.129		
		0.037	0.036	0.036	0.037	0.036	0.042	0.038	0.038	0.037	0.04	0.037	0.039		
		0.035	0.037	0.037	0.04	0.039	0.036	0.041	0.037	0.039	0.039	0.04	0.04		
		0.037	0.037	0.038	0.041	0.038	0.038	0.041	0.039	0.04	0.042	0.038	0.041		
		0.037	0.042	0.038	0.038	0.039	0.038	0.039	0.038	0.039	0.044	0.037	0.05		
		0.037	0.037	0.038	0.039	0.043	0.038	0.038	0.037	0.038	0.037	0.038	0.072		
		0.03	0.027	0.031	0.028	0.031	0.03	0.04	0.032	0.256	0.262	0.075	0.264		
		
750	21.10	0.051	0.067	0.105	0.139	0.147	0.129	0.186	0.206	0.253	0.195	0.079	0.216		
		0.055	0.052	0.092	0.104	0.115	0.088	0.144	0.123	0.132	0.105	0.04	0.125		
		0.037	0.037	0.036	0.037	0.036	0.044	0.038	0.038	0.037	0.039	0.037	0.038		
		0.036	0.037	0.037	0.04	0.039	0.037	0.04	0.037	0.039	0.038	0.04	0.039		
		0.037	0.038	0.038	0.04	0.038	0.038	0.04	0.039	0.039	0.041	0.038	0.041		
		0.038	0.044	0.039	0.039	0.039	0.038	0.04	0.039	0.039	0.044	0.038	0.049		
		0.037	0.038	0.039	0.039	0.042	0.039	0.038	0.038	0.038	0.038	0.038	0.066		
		0.029	0.027	0.031	0.028	0.031	0.03	0.039	0.031	0.221	0.25	0.072	0.251		
		
~End
Copyright © 2004 Molecular Devices. All rights reserved.
