##BLOCKS= 2          
Plate:	Plate#1	1.3	PlateFormat	Spectrum	Absorbance	Raw	FALSE	41			350	750	10			1	12	96	1	8	None	
Wavelength(nm)	Temperature(¡C)	1	2	3	4	5	6	7	8	9	10	11	12		
350	20.90	0.189	0.215	0.214	0.209	0.208	0.217	0.186	0.165	0.217	0.206	0.201	0.191		
		0.185	0.209	0.213	0.212	0.196	0.211	0.191	0.169	0.203	0.218	0.196	0.203		
		0.195	0.22	0.223	0.208	0.21	0.22	0.215	0.187	0.209	0.241	0.215	0.211		
		0.213	0.231	0.223	0.246	0.214	0.235	0.216	0.189	0.213	0.247	0.224	0.23		
		0.225	0.246	0.232	0.22	0.245	0.247	0.214	0.208	0.236	0.244	0.233	0.229		
		0.219	0.247	0.236	0.237	0.234	0.231	0.218	0.204	0.201	0.24	0.219	0.221		
		0.207	0.235	0.23	0.224	0.23	0.233	0.206	0.192	0.215	0.239	0.219	0.22		
		0.212	0.226	0.223	0.228	0.229	0.226	0.203	0.203	0.198	0.247	0.224	0.231		
		
360	20.90	0.171	0.2	0.196	0.192	0.191	0.201	0.171	0.152	0.2	0.189	0.184	0.177		
		0.169	0.194	0.193	0.197	0.181	0.195	0.177	0.157	0.19	0.205	0.183	0.191		
		0.182	0.206	0.211	0.197	0.2	0.21	0.216	0.185	0.202	0.242	0.21	0.206		
		0.218	0.227	0.221	0.258	0.215	0.238	0.219	0.192	0.217	0.258	0.232	0.239		
		0.231	0.255	0.242	0.229	0.259	0.261	0.226	0.219	0.25	0.263	0.25	0.245		
		0.234	0.266	0.259	0.26	0.258	0.255	0.241	0.225	0.221	0.271	0.246	0.246		
		0.227	0.263	0.258	0.251	0.26	0.263	0.23	0.214	0.243	0.273	0.249	0.248		
		0.233	0.257	0.253	0.257	0.259	0.259	0.23	0.23	0.221	0.289	0.259	0.265		
		
370	20.90	0.159	0.182	0.184	0.181	0.178	0.188	0.161	0.141	0.19	0.178	0.175	0.168		
		0.157	0.182	0.181	0.187	0.172	0.188	0.17	0.149	0.183	0.198	0.176	0.185		
		0.173	0.198	0.204	0.192	0.195	0.209	0.225	0.189	0.2	0.248	0.212	0.207		
		0.226	0.229	0.224	0.276	0.222	0.245	0.228	0.199	0.227	0.275	0.247	0.253		
		0.243	0.27	0.258	0.244	0.279	0.284	0.244	0.235	0.27	0.287	0.274	0.267		
		0.251	0.289	0.282	0.287	0.286	0.284	0.268	0.249	0.242	0.305	0.275	0.272		
		0.248	0.292	0.288	0.281	0.293	0.298	0.257	0.239	0.273	0.31	0.281	0.28		
		0.251	0.288	0.283	0.285	0.29	0.293	0.26	0.256	0.244	0.331	0.295	0.297		
		
380	20.90	0.152	0.174	0.178	0.177	0.174	0.184	0.157	0.137	0.186	0.176	0.173	0.164		
		0.152	0.178	0.178	0.185	0.171	0.188	0.169	0.146	0.182	0.198	0.177	0.187		
		0.17	0.197	0.206	0.193	0.199	0.216	0.24	0.198	0.206	0.264	0.221	0.215		
		0.241	0.239	0.235	0.303	0.236	0.263	0.246	0.213	0.243	0.301	0.269	0.275		
		0.261	0.293	0.28	0.266	0.308	0.313	0.266	0.258	0.297	0.318	0.303	0.294		
		0.273	0.317	0.311	0.318	0.319	0.315	0.297	0.275	0.267	0.341	0.306	0.302		
		0.27	0.324	0.32	0.311	0.328	0.333	0.284	0.264	0.304	0.346	0.313	0.311		
		0.271	0.322	0.314	0.316	0.321	0.329	0.289	0.282	0.267	0.371	0.329	0.329		
		
390	20.90	0.163	0.188	0.192	0.189	0.188	0.199	0.17	0.148	0.201	0.191	0.186	0.179		
		0.165	0.195	0.193	0.202	0.186	0.206	0.185	0.16	0.2	0.217	0.194	0.207		
		0.187	0.218	0.228	0.214	0.221	0.24	0.271	0.221	0.23	0.298	0.247	0.24		
		0.273	0.269	0.264	0.347	0.267	0.298	0.279	0.24	0.275	0.344	0.307	0.314		
		0.297	0.335	0.32	0.303	0.353	0.359	0.305	0.294	0.339	0.364	0.346	0.336		
		0.309	0.362	0.353	0.361	0.361	0.358	0.334	0.31	0.3	0.385	0.344	0.339		
		0.302	0.365	0.36	0.35	0.368	0.375	0.318	0.294	0.341	0.389	0.351	0.349		
		0.299	0.358	0.35	0.351	0.356	0.363	0.318	0.31	0.294	0.405	0.358	0.36		
		
400	20.90	0.178	0.206	0.211	0.207	0.204	0.219	0.187	0.162	0.222	0.21	0.207	0.197		
		0.181	0.214	0.212	0.223	0.205	0.227	0.204	0.175	0.222	0.241	0.215	0.228		
		0.205	0.241	0.252	0.236	0.244	0.266	0.299	0.243	0.253	0.331	0.274	0.265		
		0.301	0.298	0.292	0.384	0.296	0.33	0.308	0.265	0.305	0.382	0.34	0.347		
		0.327	0.37	0.353	0.334	0.39	0.397	0.334	0.322	0.374	0.399	0.379	0.368		
		0.336	0.393	0.381	0.389	0.388	0.386	0.357	0.33	0.32	0.41	0.367	0.361		
		0.32	0.387	0.383	0.371	0.389	0.397	0.335	0.31	0.361	0.41	0.369	0.367		
		0.313	0.377	0.367	0.368	0.372	0.378	0.33	0.322	0.306	0.417	0.367	0.371		
		
410	20.90	0.198	0.23	0.234	0.231	0.226	0.245	0.207	0.18	0.249	0.234	0.232	0.219		
		0.202	0.239	0.239	0.249	0.229	0.252	0.228	0.195	0.248	0.271	0.239	0.254		
		0.228	0.268	0.281	0.263	0.272	0.295	0.329	0.266	0.28	0.365	0.302	0.294		
		0.329	0.329	0.323	0.419	0.325	0.364	0.338	0.289	0.333	0.417	0.371	0.38		
		0.357	0.404	0.386	0.364	0.426	0.433	0.364	0.35	0.408	0.431	0.409	0.397		
		0.357	0.417	0.399	0.408	0.406	0.403	0.37	0.341	0.331	0.421	0.376	0.37		
		0.327	0.396	0.391	0.378	0.396	0.405	0.341	0.314	0.367	0.415	0.373	0.371		
		0.315	0.38	0.37	0.369	0.373	0.378	0.33	0.321	0.306	0.412	0.363	0.368		
		
420	20.90	0.218	0.253	0.261	0.254	0.252	0.269	0.229	0.198	0.275	0.259	0.253	0.243		
		0.222	0.264	0.263	0.276	0.254	0.28	0.252	0.214	0.274	0.298	0.264	0.28		
		0.25	0.295	0.308	0.288	0.298	0.323	0.353	0.286	0.305	0.394	0.328	0.318		
		0.351	0.356	0.349	0.445	0.351	0.391	0.362	0.309	0.357	0.445	0.397	0.406		
		0.379	0.431	0.411	0.386	0.451	0.458	0.384	0.37	0.431	0.451	0.427	0.415		
		0.367	0.429	0.404	0.412	0.409	0.408	0.368	0.34	0.33	0.414	0.37	0.363		
		0.321	0.388	0.383	0.369	0.385	0.394	0.331	0.306	0.357	0.401	0.362	0.36		
		0.304	0.367	0.357	0.356	0.359	0.363	0.316	0.308	0.294	0.392	0.347	0.352		
		
430	20.90	0.235	0.27	0.278	0.273	0.268	0.291	0.244	0.213	0.292	0.276	0.27	0.259		
		0.237	0.283	0.283	0.296	0.271	0.3	0.268	0.228	0.291	0.319	0.281	0.299		
		0.266	0.315	0.329	0.306	0.317	0.341	0.365	0.296	0.321	0.41	0.344	0.335		
		0.361	0.372	0.364	0.456	0.364	0.406	0.373	0.319	0.369	0.458	0.407	0.417		
		0.389	0.441	0.421	0.395	0.461	0.468	0.391	0.376	0.44	0.457	0.433	0.419		
		0.368	0.429	0.398	0.407	0.402	0.401	0.359	0.331	0.322	0.4	0.358	0.351		
		0.31	0.375	0.369	0.354	0.37	0.379	0.319	0.293	0.343	0.383	0.346	0.344		
		0.291	0.35	0.34	0.339	0.341	0.345	0.301	0.293	0.28	0.371	0.329	0.334		
		
440	20.90	0.251	0.291	0.298	0.29	0.287	0.313	0.26	0.228	0.313	0.295	0.29	0.277		
		0.254	0.302	0.302	0.318	0.289	0.32	0.287	0.244	0.309	0.339	0.299	0.316		
		0.281	0.333	0.347	0.322	0.333	0.358	0.371	0.303	0.335	0.421	0.357	0.346		
		0.364	0.384	0.375	0.458	0.371	0.414	0.379	0.323	0.374	0.461	0.411	0.42		
		0.39	0.443	0.423	0.395	0.462	0.469	0.39	0.375	0.439	0.453	0.429	0.415		
		0.362	0.422	0.389	0.397	0.391	0.391	0.347	0.32	0.312	0.385	0.344	0.337		
		0.297	0.358	0.353	0.338	0.353	0.362	0.304	0.28	0.327	0.364	0.329	0.328		
		0.277	0.333	0.324	0.322	0.324	0.326	0.286	0.278	0.266	0.353	0.312	0.317		
		
450	20.90	0.266	0.305	0.318	0.309	0.306	0.329	0.275	0.242	0.332	0.311	0.308	0.293		
		0.268	0.318	0.318	0.336	0.305	0.338	0.301	0.257	0.325	0.354	0.313	0.331		
		0.293	0.348	0.361	0.334	0.345	0.37	0.368	0.302	0.342	0.421	0.363	0.352		
		0.356	0.386	0.377	0.445	0.369	0.412	0.373	0.318	0.369	0.451	0.402	0.412		
		0.381	0.432	0.411	0.384	0.448	0.454	0.378	0.363	0.425	0.437	0.414	0.4		
		0.348	0.406	0.373	0.381	0.375	0.375	0.332	0.306	0.299	0.368	0.329	0.323		
		0.284	0.343	0.338	0.324	0.337	0.346	0.291	0.268	0.313	0.349	0.315	0.313		
		0.265	0.318	0.31	0.309	0.31	0.313	0.274	0.267	0.255	0.339	0.3	0.305		
		
460	20.90	0.281	0.32	0.334	0.321	0.323	0.348	0.292	0.257	0.347	0.329	0.325	0.311		
		0.283	0.336	0.335	0.351	0.321	0.356	0.317	0.27	0.34	0.371	0.327	0.345		
		0.305	0.362	0.374	0.344	0.355	0.378	0.355	0.295	0.346	0.414	0.363	0.352		
		0.338	0.381	0.372	0.418	0.359	0.401	0.357	0.305	0.354	0.427	0.381	0.391		
		0.358	0.406	0.386	0.359	0.419	0.424	0.352	0.338	0.397	0.406	0.385	0.371		
		0.324	0.377	0.348	0.355	0.35	0.35	0.311	0.287	0.28	0.345	0.308	0.303		
		0.266	0.322	0.318	0.304	0.316	0.325	0.273	0.251	0.294	0.328	0.296	0.295		
		0.251	0.299	0.292	0.291	0.293	0.296	0.259	0.253	0.241	0.323	0.286	0.289		
		
470	20.90	0.301	0.339	0.354	0.344	0.339	0.371	0.309	0.274	0.367	0.347	0.341	0.331		
		0.301	0.356	0.356	0.372	0.34	0.376	0.334	0.286	0.357	0.389	0.344	0.362		
		0.319	0.377	0.388	0.356	0.366	0.386	0.339	0.285	0.35	0.402	0.362	0.352		
		0.312	0.374	0.364	0.379	0.344	0.382	0.336	0.287	0.332	0.391	0.35	0.36		
		0.326	0.369	0.351	0.324	0.378	0.381	0.316	0.303	0.355	0.362	0.343	0.332		
		0.29	0.338	0.313	0.32	0.315	0.316	0.282	0.261	0.254	0.314	0.281	0.277		
		0.244	0.293	0.289	0.279	0.29	0.297	0.251	0.231	0.269	0.301	0.273	0.271		
		0.231	0.276	0.269	0.269	0.271	0.275	0.241	0.235	0.225	0.303	0.268	0.27		
		
480	20.90	0.326	0.366	0.38	0.37	0.363	0.394	0.331	0.298	0.392	0.372	0.365	0.352		
		0.322	0.379	0.379	0.396	0.362	0.4	0.357	0.307	0.378	0.41	0.366	0.381		
		0.336	0.397	0.405	0.37	0.38	0.396	0.315	0.271	0.354	0.385	0.36	0.351		
		0.277	0.363	0.353	0.326	0.324	0.358	0.306	0.261	0.305	0.344	0.309	0.32		
		0.283	0.32	0.303	0.277	0.322	0.323	0.266	0.255	0.3	0.302	0.287	0.277		
		0.244	0.283	0.266	0.271	0.268	0.267	0.242	0.224	0.218	0.271	0.242	0.239		
		0.213	0.254	0.251	0.242	0.253	0.258	0.219	0.203	0.235	0.264	0.239	0.238		
		0.205	0.243	0.236	0.238	0.24	0.245	0.216	0.21	0.2	0.275	0.243	0.244		
		
490	20.90	0.347	0.381	0.404	0.383	0.389	0.415	0.353	0.319	0.412	0.389	0.389	0.374		
		0.346	0.401	0.402	0.419	0.384	0.422	0.378	0.328	0.399	0.432	0.384	0.401		
		0.354	0.415	0.42	0.385	0.393	0.405	0.295	0.26	0.359	0.37	0.359	0.352		
		0.245	0.355	0.344	0.278	0.307	0.339	0.279	0.24	0.28	0.301	0.272	0.283		
		0.243	0.274	0.26	0.234	0.271	0.271	0.221	0.212	0.248	0.247	0.235	0.227		
		0.203	0.234	0.223	0.227	0.226	0.225	0.206	0.192	0.186	0.233	0.209	0.206		
		0.184	0.22	0.216	0.21	0.22	0.225	0.192	0.178	0.205	0.232	0.211	0.209		
		0.181	0.213	0.209	0.211	0.214	0.22	0.194	0.19	0.18	0.252	0.223	0.223		
		
500	20.90	0.366	0.399	0.422	0.401	0.403	0.437	0.372	0.338	0.435	0.409	0.406	0.396		
		0.366	0.423	0.424	0.442	0.405	0.445	0.399	0.347	0.421	0.454	0.406	0.421		
		0.372	0.436	0.439	0.401	0.41	0.418	0.276	0.25	0.367	0.36	0.361	0.354		
		0.215	0.349	0.337	0.232	0.292	0.32	0.255	0.219	0.256	0.26	0.237	0.248		
		0.206	0.23	0.218	0.192	0.222	0.219	0.176	0.169	0.199	0.193	0.185	0.179		
		0.162	0.187	0.182	0.187	0.186	0.185	0.174	0.162	0.156	0.198	0.179	0.177		
		0.16	0.189	0.187	0.183	0.192	0.195	0.168	0.157	0.179	0.204	0.187	0.185		
		0.162	0.19	0.187	0.19	0.194	0.201	0.178	0.175	0.164	0.239	0.211	0.209		
		
510	20.90	0.383	0.415	0.437	0.425	0.419	0.454	0.388	0.356	0.452	0.428	0.425	0.418		
		0.384	0.442	0.442	0.458	0.424	0.463	0.418	0.366	0.439	0.471	0.422	0.439		
		0.389	0.453	0.453	0.416	0.424	0.429	0.264	0.246	0.376	0.353	0.365	0.359		
		0.193	0.347	0.334	0.196	0.282	0.308	0.237	0.204	0.24	0.229	0.211	0.222		
		0.177	0.197	0.186	0.159	0.182	0.179	0.141	0.136	0.161	0.153	0.146	0.142		
		0.133	0.152	0.154	0.157	0.159	0.157	0.153	0.143	0.139	0.178	0.161	0.16		
		0.145	0.171	0.169	0.168	0.177	0.179	0.156	0.146	0.165	0.192	0.175	0.173		
		0.155	0.18	0.177	0.182	0.188	0.197	0.174	0.172	0.16	0.243	0.215	0.21		
		
520	20.90	0.391	0.416	0.447	0.423	0.427	0.459	0.398	0.363	0.455	0.431	0.433	0.422		
		0.394	0.45	0.448	0.465	0.431	0.471	0.425	0.376	0.447	0.479	0.432	0.447		
		0.397	0.461	0.46	0.422	0.43	0.434	0.255	0.242	0.379	0.347	0.365	0.36		
		0.178	0.344	0.331	0.172	0.275	0.299	0.225	0.195	0.228	0.207	0.193	0.203		
		0.158	0.174	0.163	0.138	0.156	0.151	0.118	0.114	0.134	0.126	0.12	0.118		
		0.115	0.132	0.141	0.144	0.146	0.144	0.145	0.136	0.131	0.174	0.157	0.157		
		0.143	0.169	0.167	0.167	0.177	0.178	0.157	0.147	0.165	0.196	0.179	0.176		
		0.159	0.185	0.182	0.189	0.196	0.208	0.184	0.182	0.168	0.265	0.233	0.227		
		
530	20.90	0.378	0.403	0.429	0.408	0.41	0.444	0.385	0.353	0.445	0.419	0.417	0.411		
		0.384	0.438	0.437	0.454	0.421	0.459	0.416	0.368	0.435	0.465	0.421	0.435		
		0.387	0.448	0.447	0.41	0.417	0.42	0.241	0.231	0.366	0.331	0.352	0.347		
		0.162	0.329	0.317	0.152	0.26	0.283	0.209	0.182	0.213	0.188	0.175	0.186		
		0.141	0.154	0.145	0.121	0.136	0.131	0.102	0.098	0.116	0.11	0.105	0.103		
		0.107	0.122	0.139	0.141	0.146	0.143	0.149	0.14	0.134	0.183	0.165	0.166		
		0.151	0.179	0.178	0.179	0.191	0.191	0.169	0.158	0.178	0.213	0.194	0.191		
		0.174	0.204	0.2	0.209	0.219	0.234	0.206	0.205	0.188	0.306	0.268	0.26		
		
540	20.90	0.356	0.38	0.403	0.386	0.387	0.418	0.362	0.331	0.417	0.395	0.398	0.387		
		0.361	0.412	0.411	0.427	0.397	0.432	0.392	0.347	0.411	0.439	0.396	0.411		
		0.365	0.421	0.42	0.386	0.392	0.394	0.223	0.216	0.344	0.307	0.329	0.326		
		0.148	0.306	0.295	0.136	0.242	0.262	0.193	0.168	0.197	0.17	0.16	0.17		
		0.127	0.139	0.13	0.107	0.12	0.116	0.091	0.088	0.102	0.101	0.097	0.096		
		0.106	0.122	0.146	0.15	0.155	0.151	0.163	0.154	0.146	0.204	0.184	0.184		
		0.169	0.201	0.201	0.201	0.217	0.216	0.191	0.18	0.202	0.245	0.222	0.219		
		0.199	0.236	0.232	0.242	0.255	0.274	0.242	0.241	0.22	0.368	0.321	0.31		
		
550	20.90	0.332	0.355	0.382	0.367	0.368	0.397	0.344	0.312	0.396	0.373	0.374	0.368		
		0.342	0.391	0.389	0.408	0.377	0.41	0.373	0.331	0.391	0.418	0.377	0.392		
		0.348	0.401	0.401	0.368	0.374	0.376	0.211	0.205	0.328	0.292	0.314	0.31		
		0.139	0.291	0.281	0.126	0.229	0.248	0.182	0.159	0.186	0.159	0.149	0.158		
		0.118	0.129	0.121	0.1	0.112	0.107	0.085	0.083	0.096	0.099	0.095	0.095		
		0.11	0.127	0.158	0.161	0.169	0.164	0.18	0.169	0.16	0.228	0.205	0.206		
		0.189	0.226	0.226	0.227	0.246	0.245	0.216	0.203	0.228	0.28	0.253	0.249		
		0.227	0.27	0.265	0.279	0.295	0.319	0.28	0.279	0.253	0.432	0.376	0.362		
		
560	20.90	0.291	0.313	0.342	0.324	0.321	0.35	0.302	0.273	0.352	0.333	0.33	0.326		
		0.303	0.348	0.346	0.359	0.334	0.364	0.332	0.294	0.348	0.371	0.336	0.348		
		0.31	0.357	0.356	0.327	0.333	0.335	0.189	0.184	0.292	0.26	0.279	0.276		
		0.125	0.26	0.25	0.115	0.205	0.221	0.163	0.143	0.166	0.142	0.134	0.142		
		0.108	0.117	0.109	0.093	0.103	0.099	0.081	0.079	0.09	0.1	0.097	0.098		
		0.119	0.138	0.176	0.18	0.19	0.185	0.205	0.192	0.181	0.263	0.235	0.236		
		0.216	0.259	0.26	0.261	0.283	0.282	0.247	0.232	0.262	0.321	0.29	0.285		
		0.258	0.309	0.303	0.317	0.333	0.358	0.314	0.311	0.284	0.475	0.413	0.4		
		
570	20.90	0.217	0.242	0.263	0.245	0.247	0.265	0.226	0.201	0.263	0.249	0.249	0.242		
		0.223	0.259	0.258	0.267	0.248	0.273	0.242	0.214	0.255	0.273	0.246	0.251		
		0.227	0.261	0.257	0.239	0.241	0.245	0.143	0.139	0.212	0.193	0.206	0.203		
		0.099	0.191	0.184	0.094	0.153	0.164	0.124	0.11	0.126	0.111	0.105	0.111		
		0.088	0.095	0.09	0.079	0.087	0.086	0.075	0.073	0.08	0.103	0.1	0.101		
		0.13	0.152	0.2	0.205	0.217	0.21	0.234	0.219	0.206	0.301	0.27	0.271		
		0.247	0.297	0.297	0.299	0.323	0.323	0.281	0.263	0.299	0.364	0.327	0.323		
		0.287	0.346	0.338	0.349	0.363	0.384	0.336	0.331	0.305	0.48	0.419	0.411		
		
580	20.90	0.144	0.169	0.176	0.171	0.172	0.182	0.15	0.128	0.18	0.167	0.164	0.157		
		0.14	0.168	0.168	0.173	0.157	0.177	0.152	0.132	0.158	0.172	0.152	0.156		
		0.139	0.161	0.159	0.146	0.148	0.151	0.094	0.09	0.131	0.121	0.127	0.126		
		0.071	0.12	0.116	0.073	0.099	0.106	0.085	0.076	0.086	0.08	0.076	0.079		
		0.069	0.073	0.069	0.066	0.072	0.073	0.069	0.068	0.072	0.107	0.103	0.104		
		0.141	0.166	0.221	0.226	0.24	0.233	0.261	0.244	0.23	0.339	0.303	0.303		
		0.276	0.334	0.334	0.335	0.362	0.362	0.314	0.292	0.334	0.404	0.363	0.359		
		0.316	0.382	0.373	0.383	0.394	0.411	0.359	0.352	0.328	0.49	0.429	0.425		
		
590	20.90	0.094	0.115	0.118	0.114	0.116	0.118	0.095	0.078	0.115	0.106	0.105	0.096		
		0.083	0.103	0.105	0.104	0.093	0.106	0.086	0.074	0.09	0.1	0.085	0.086		
		0.077	0.089	0.087	0.08	0.081	0.082	0.06	0.058	0.073	0.07	0.072	0.071		
		0.052	0.069	0.067	0.058	0.061	0.064	0.056	0.052	0.056	0.058	0.055	0.056		
		0.055	0.058	0.056	0.057	0.062	0.065	0.066	0.065	0.066	0.113	0.109	0.111		
		0.155	0.182	0.248	0.254	0.27	0.261	0.294	0.274	0.259	0.384	0.342	0.342		
		0.311	0.378	0.379	0.378	0.408	0.409	0.353	0.329	0.377	0.455	0.408	0.403		
		0.353	0.428	0.417	0.425	0.437	0.453	0.393	0.385	0.361	0.525	0.459	0.459		
		
600	20.90	0.069	0.086	0.088	0.087	0.086	0.085	0.068	0.055	0.084	0.076	0.079	0.068		
		0.056	0.072	0.07	0.071	0.064	0.071	0.057	0.049	0.058	0.066	0.055	0.055		
		0.052	0.058	0.057	0.053	0.053	0.054	0.046	0.044	0.049	0.05	0.049	0.049		
		0.045	0.048	0.047	0.053	0.046	0.048	0.046	0.043	0.045	0.05	0.047	0.048		
		0.051	0.053	0.051	0.055	0.06	0.063	0.067	0.066	0.067	0.121	0.117	0.119		
		0.169	0.201	0.274	0.281	0.3	0.291	0.327	0.305	0.287	0.428	0.381	0.381		
		0.346	0.421	0.423	0.422	0.456	0.457	0.392	0.366	0.42	0.506	0.453	0.448		
		0.39	0.474	0.463	0.471	0.482	0.499	0.433	0.423	0.397	0.571	0.499	0.501		
		
610	20.90	0.056	0.071	0.072	0.071	0.071	0.068	0.056	0.046	0.067	0.062	0.061	0.054		
		0.046	0.059	0.058	0.056	0.051	0.057	0.047	0.041	0.047	0.052	0.045	0.045		
		0.043	0.047	0.046	0.043	0.044	0.044	0.042	0.04	0.042	0.043	0.042	0.041		
		0.043	0.041	0.04	0.053	0.04	0.042	0.042	0.04	0.041	0.047	0.044	0.045		
		0.05	0.052	0.051	0.055	0.06	0.064	0.069	0.068	0.068	0.128	0.124	0.126		
		0.181	0.216	0.296	0.304	0.323	0.313	0.353	0.329	0.309	0.463	0.411	0.411		
		0.373	0.454	0.455	0.454	0.491	0.493	0.422	0.393	0.452	0.544	0.487	0.481		
		0.419	0.51	0.497	0.505	0.516	0.533	0.462	0.451	0.424	0.607	0.531	0.533		
		
620	20.90	0.05	0.061	0.06	0.061	0.061	0.058	0.05	0.041	0.058	0.054	0.053	0.049		
		0.042	0.051	0.05	0.049	0.045	0.049	0.042	0.037	0.042	0.046	0.04	0.04		
		0.039	0.043	0.041	0.04	0.04	0.04	0.04	0.039	0.039	0.041	0.039	0.039		
		0.042	0.038	0.038	0.052	0.038	0.04	0.04	0.039	0.039	0.046	0.044	0.044		
		0.049	0.051	0.05	0.055	0.06	0.064	0.069	0.068	0.068	0.129	0.125	0.127		
		0.183	0.218	0.301	0.308	0.329	0.319	0.359	0.334	0.314	0.471	0.418	0.417		
		0.379	0.462	0.462	0.461	0.497	0.5	0.427	0.398	0.458	0.55	0.492	0.486		
		0.422	0.515	0.502	0.508	0.519	0.536	0.464	0.452	0.426	0.607	0.53	0.533		
		
630	20.90	0.046	0.056	0.054	0.055	0.055	0.052	0.046	0.039	0.053	0.049	0.05	0.045		
		0.039	0.046	0.047	0.045	0.043	0.046	0.039	0.035	0.039	0.042	0.038	0.038		
		0.037	0.039	0.039	0.037	0.037	0.038	0.039	0.037	0.037	0.039	0.037	0.037		
		0.041	0.037	0.036	0.05	0.037	0.038	0.039	0.037	0.039	0.044	0.042	0.042		
		0.047	0.049	0.048	0.053	0.057	0.061	0.066	0.065	0.065	0.122	0.117	0.12		
		0.171	0.203	0.278	0.285	0.305	0.295	0.332	0.308	0.29	0.433	0.384	0.384		
		0.348	0.426	0.425	0.423	0.456	0.46	0.392	0.365	0.42	0.505	0.451	0.445		
		0.385	0.471	0.458	0.463	0.473	0.487	0.422	0.412	0.388	0.549	0.481	0.483		
		
640	20.90	0.044	0.052	0.05	0.052	0.052	0.049	0.043	0.038	0.05	0.046	0.046	0.042		
		0.037	0.043	0.043	0.042	0.04	0.042	0.037	0.034	0.037	0.04	0.036	0.036		
		0.036	0.037	0.037	0.036	0.036	0.036	0.037	0.036	0.035	0.037	0.036	0.036		
		0.038	0.035	0.035	0.046	0.036	0.037	0.037	0.036	0.037	0.042	0.04	0.04		
		0.044	0.046	0.045	0.048	0.052	0.055	0.059	0.059	0.058	0.104	0.101	0.102		
		0.143	0.169	0.23	0.235	0.251	0.243	0.272	0.254	0.239	0.355	0.315	0.314		
		0.285	0.346	0.346	0.345	0.371	0.373	0.319	0.298	0.342	0.408	0.367	0.361		
		0.313	0.381	0.371	0.376	0.383	0.393	0.341	0.332	0.315	0.442	0.387	0.39		
		
650	20.90	0.043	0.05	0.048	0.05	0.049	0.047	0.042	0.037	0.047	0.045	0.044	0.041		
		0.037	0.042	0.042	0.041	0.039	0.041	0.036	0.034	0.036	0.039	0.036	0.036		
		0.036	0.036	0.036	0.036	0.035	0.036	0.036	0.035	0.035	0.036	0.035	0.035		
		0.037	0.034	0.034	0.042	0.035	0.036	0.036	0.035	0.035	0.039	0.037	0.038		
		0.041	0.043	0.041	0.044	0.047	0.049	0.051	0.051	0.051	0.083	0.081	0.081		
		0.111	0.13	0.172	0.176	0.186	0.181	0.201	0.188	0.178	0.26	0.231	0.231		
		0.209	0.254	0.254	0.252	0.272	0.273	0.235	0.219	0.251	0.297	0.268	0.264		
		0.23	0.276	0.27	0.273	0.278	0.286	0.249	0.243	0.229	0.319	0.28	0.282		
		
660	20.90	0.041	0.048	0.046	0.047	0.047	0.045	0.041	0.036	0.047	0.043	0.043	0.04		
		0.037	0.041	0.041	0.04	0.038	0.04	0.037	0.034	0.036	0.039	0.035	0.036		
		0.036	0.037	0.036	0.035	0.035	0.036	0.036	0.035	0.035	0.036	0.035	0.035		
		0.035	0.034	0.034	0.039	0.034	0.035	0.035	0.034	0.035	0.037	0.036	0.036		
		0.039	0.039	0.038	0.041	0.042	0.044	0.045	0.044	0.045	0.065	0.063	0.063		
		0.082	0.093	0.119	0.121	0.128	0.125	0.137	0.129	0.122	0.172	0.156	0.156		
		0.142	0.169	0.169	0.168	0.177	0.18	0.157	0.147	0.167	0.195	0.177	0.175		
		0.155	0.181	0.176	0.179	0.182	0.186	0.164	0.161	0.152	0.207	0.183	0.184		
		
670	20.90	0.041	0.046	0.045	0.046	0.045	0.044	0.04	0.037	0.045	0.042	0.043	0.039		
		0.036	0.04	0.04	0.039	0.038	0.039	0.036	0.033	0.036	0.037	0.035	0.035		
		0.035	0.036	0.035	0.035	0.035	0.035	0.035	0.034	0.034	0.035	0.034	0.034		
		0.034	0.033	0.033	0.036	0.033	0.034	0.033	0.033	0.033	0.034	0.034	0.034		
		0.036	0.037	0.036	0.037	0.038	0.039	0.04	0.04	0.04	0.051	0.051	0.051		
		0.061	0.068	0.083	0.084	0.088	0.086	0.093	0.088	0.085	0.113	0.104	0.104		
		0.096	0.111	0.111	0.11	0.117	0.117	0.104	0.098	0.109	0.125	0.116	0.114		
		0.102	0.117	0.115	0.116	0.117	0.12	0.107	0.105	0.1	0.131	0.118	0.118		
		
680	20.90	0.039	0.045	0.043	0.044	0.044	0.043	0.039	0.035	0.043	0.041	0.041	0.038		
		0.036	0.039	0.04	0.038	0.038	0.038	0.035	0.033	0.035	0.037	0.034	0.035		
		0.035	0.036	0.035	0.035	0.034	0.035	0.035	0.034	0.034	0.035	0.035	0.034		
		0.033	0.033	0.033	0.035	0.033	0.034	0.034	0.033	0.033	0.034	0.034	0.034		
		0.035	0.035	0.034	0.035	0.036	0.037	0.036	0.036	0.037	0.042	0.042	0.042		
		0.047	0.051	0.059	0.059	0.061	0.06	0.064	0.061	0.059	0.074	0.069	0.069		
		0.065	0.073	0.073	0.073	0.077	0.077	0.07	0.066	0.072	0.081	0.076	0.075		
		0.069	0.075	0.074	0.075	0.075	0.077	0.07	0.069	0.066	0.083	0.075	0.076		
		
690	20.90	0.039	0.044	0.042	0.044	0.043	0.042	0.039	0.035	0.042	0.041	0.04	0.038		
		0.035	0.038	0.039	0.037	0.036	0.037	0.034	0.033	0.034	0.036	0.033	0.034		
		0.035	0.035	0.035	0.035	0.034	0.035	0.034	0.034	0.034	0.035	0.034	0.034		
		0.032	0.033	0.032	0.033	0.032	0.033	0.033	0.032	0.033	0.033	0.033	0.033		
		0.034	0.034	0.033	0.034	0.035	0.035	0.035	0.034	0.035	0.038	0.038	0.038		
		0.041	0.042	0.047	0.047	0.048	0.047	0.05	0.048	0.047	0.055	0.052	0.053		
		0.05	0.055	0.054	0.054	0.056	0.056	0.053	0.05	0.053	0.058	0.056	0.055		
		0.051	0.053	0.053	0.054	0.053	0.055	0.052	0.05	0.049	0.059	0.053	0.055		
		
700	20.90	0.039	0.043	0.042	0.043	0.043	0.042	0.039	0.035	0.042	0.04	0.039	0.038		
		0.035	0.038	0.038	0.037	0.036	0.038	0.035	0.033	0.034	0.036	0.034	0.034		
		0.035	0.035	0.034	0.034	0.034	0.034	0.034	0.034	0.034	0.034	0.033	0.034		
		0.032	0.032	0.032	0.033	0.032	0.033	0.032	0.032	0.032	0.032	0.032	0.033		
		0.034	0.034	0.033	0.034	0.034	0.035	0.034	0.034	0.035	0.036	0.036	0.036		
		0.037	0.038	0.04	0.041	0.04	0.04	0.041	0.04	0.039	0.043	0.042	0.042		
		0.041	0.044	0.043	0.043	0.044	0.044	0.042	0.041	0.043	0.045	0.045	0.044		
		0.042	0.042	0.042	0.043	0.042	0.043	0.041	0.04	0.04	0.045	0.042	0.042		
		
710	20.90	0.038	0.042	0.042	0.042	0.042	0.041	0.038	0.035	0.041	0.039	0.039	0.037		
		0.036	0.038	0.038	0.037	0.037	0.037	0.035	0.034	0.035	0.036	0.034	0.034		
		0.035	0.035	0.034	0.034	0.034	0.034	0.034	0.034	0.034	0.034	0.034	0.033		
		0.033	0.033	0.033	0.033	0.033	0.033	0.033	0.033	0.033	0.033	0.033	0.033		
		0.034	0.034	0.033	0.034	0.034	0.034	0.034	0.033	0.034	0.034	0.035	0.035		
		0.036	0.036	0.038	0.037	0.037	0.037	0.038	0.037	0.037	0.039	0.038	0.038		
		0.037	0.038	0.037	0.039	0.04	0.038	0.038	0.037	0.038	0.039	0.039	0.039		
		0.038	0.037	0.037	0.038	0.037	0.037	0.036	0.036	0.035	0.039	0.037	0.037		
		
720	20.90	0.038	0.042	0.04	0.041	0.041	0.04	0.038	0.035	0.041	0.039	0.039	0.037		
		0.036	0.037	0.038	0.037	0.037	0.037	0.035	0.034	0.034	0.036	0.035	0.034		
		0.035	0.036	0.035	0.035	0.035	0.035	0.034	0.035	0.034	0.035	0.034	0.035		
		0.033	0.033	0.033	0.033	0.033	0.034	0.033	0.033	0.033	0.034	0.033	0.033		
		0.034	0.034	0.033	0.034	0.034	0.034	0.034	0.033	0.034	0.034	0.034	0.034		
		0.035	0.036	0.036	0.036	0.036	0.036	0.036	0.036	0.035	0.036	0.036	0.037		
		0.037	0.037	0.036	0.036	0.037	0.037	0.036	0.035	0.036	0.036	0.038	0.037		
		0.036	0.034	0.034	0.035	0.034	0.035	0.034	0.034	0.034	0.036	0.034	0.035		
		
730	20.90	0.038	0.042	0.041	0.042	0.041	0.041	0.038	0.035	0.041	0.039	0.04	0.037		
		0.035	0.038	0.037	0.037	0.036	0.037	0.034	0.033	0.035	0.036	0.034	0.035		
		0.035	0.035	0.035	0.035	0.036	0.035	0.035	0.035	0.034	0.035	0.034	0.034		
		0.033	0.033	0.032	0.033	0.033	0.034	0.033	0.032	0.033	0.033	0.034	0.033		
		0.035	0.034	0.034	0.034	0.035	0.035	0.034	0.034	0.035	0.035	0.035	0.034		
		0.035	0.035	0.036	0.035	0.035	0.035	0.035	0.035	0.035	0.036	0.035	0.036		
		0.035	0.036	0.035	0.035	0.036	0.036	0.035	0.035	0.035	0.036	0.036	0.035		
		0.036	0.034	0.035	0.035	0.035	0.035	0.035	0.034	0.034	0.036	0.035	0.035		
		
740	21.00	0.04	0.043	0.042	0.043	0.043	0.043	0.039	0.037	0.042	0.041	0.041	0.039		
		0.037	0.039	0.039	0.038	0.038	0.038	0.036	0.035	0.037	0.038	0.036	0.036		
		0.036	0.036	0.036	0.036	0.036	0.036	0.036	0.036	0.036	0.036	0.036	0.035		
		0.035	0.034	0.034	0.035	0.035	0.035	0.035	0.034	0.034	0.035	0.035	0.035		
		0.037	0.036	0.036	0.036	0.036	0.037	0.036	0.036	0.036	0.037	0.037	0.037		
		0.037	0.037	0.037	0.038	0.037	0.037	0.037	0.037	0.037	0.037	0.037	0.037		
		0.036	0.037	0.036	0.037	0.037	0.037	0.037	0.037	0.037	0.037	0.038	0.037		
		0.037	0.035	0.035	0.036	0.035	0.036	0.035	0.035	0.035	0.036	0.035	0.035		
		
750	20.90	0.039	0.043	0.042	0.043	0.043	0.042	0.039	0.037	0.042	0.04	0.04	0.039		
		0.037	0.039	0.039	0.038	0.037	0.038	0.037	0.035	0.036	0.038	0.036	0.036		
		0.036	0.037	0.036	0.036	0.036	0.036	0.036	0.036	0.036	0.037	0.035	0.036		
		0.035	0.035	0.035	0.035	0.035	0.035	0.035	0.035	0.035	0.035	0.035	0.035		
		0.037	0.036	0.036	0.036	0.036	0.037	0.036	0.036	0.036	0.036	0.036	0.037		
		0.037	0.037	0.037	0.037	0.036	0.037	0.037	0.037	0.037	0.037	0.037	0.037		
		0.037	0.037	0.036	0.037	0.037	0.037	0.037	0.037	0.037	0.037	0.038	0.037		
		0.037	0.035	0.035	0.037	0.036	0.036	0.036	0.036	0.035	0.037	0.036	0.035		
		
~End
Copyright © 2004 Molecular Devices. All rights reserved.
