##BLOCKS= 2          
Plate:	Plate#1	1.3	PlateFormat	Spectrum	Absorbance	Raw	FALSE	41			350	750	10			1	12	96	1	8	None	
Wavelength(nm)	Temperature(¡C)	1	2	3	4	5	6	7	8	9	10	11	12		
350	21.20	0.244	0.47	0.573	0.468	0.674	0.533	0.543	0.372	0.27	0.517	0.583	0.529		
		0.288	0.434	0.518	0.511	0.771	0.574	0.542	0.4	0.239	0.562	0.644	0.515		
		0.266	0.476	0.538	0.559	0.74	0.607	0.525	0.391	0.288	0.515	0.555	0.459		
		0.31	0.398	0.458	0.482	0.67	0.522	0.528	0.379	0.269	0.553	0.616	0.518		
		0.382	0.556	0.642	0.725	1	0.746	0.764	0.563	0.309	0.756	0.839	0.713		
		0.368	0.586	0.629	0.577	0.888	0.725	0.698	0.505	0.358	0.689	0.737	0.584		
		0.176	0.127	0.126	0.172	0.166	0.162	0.184	0.13	0.108	0.156	0.236	0.235		
		0.109	0.094	0.078	0.09	0.084	0.082	0.076	0.083	0.227	0.633	0.46	0.417		
		
360	21.20	0.231	0.434	0.547	0.437	0.645	0.499	0.475	0.35	0.256	0.467	0.54	0.463		
		0.28	0.419	0.493	0.503	0.746	0.558	0.541	0.418	0.243	0.607	0.696	0.555		
		0.283	0.527	0.589	0.636	0.834	0.685	0.608	0.447	0.32	0.605	0.654	0.53		
		0.356	0.47	0.542	0.579	0.807	0.625	0.636	0.45	0.312	0.674	0.754	0.628		
		0.464	0.698	0.825	0.921	1.288	0.951	0.975	0.707	0.375	0.926	1.066	0.904		
		0.439	0.726	0.783	0.715	1.116	0.907	0.873	0.626	0.434	0.862	0.924	0.722		
		0.153	0.116	0.114	0.16	0.143	0.15	0.16	0.121	0.098	0.162	0.21	0.213		
		0.098	0.083	0.069	0.079	0.073	0.073	0.067	0.073	0.217	0.377	0.468	0.395		
		
370	21.20	0.218	0.424	0.522	0.42	0.673	0.492	0.481	0.322	0.244	0.493	0.498	0.45		
		0.274	0.409	0.481	0.502	0.74	0.563	0.555	0.447	0.254	0.674	0.771	0.613		
		0.304	0.594	0.656	0.72	0.952	0.776	0.704	0.512	0.358	0.703	0.763	0.611		
		0.394	0.543	0.63	0.678	0.956	0.738	0.748	0.524	0.355	0.795	0.894	0.742		
		0.533	0.826	0.976	1.101	1.546	1.136	1.164	0.839	0.431	1.105	1.276	1.077		
		0.502	0.854	0.925	0.846	1.335	1.082	1.037	0.737	0.502	1.028	1.103	0.856		
		0.129	0.106	0.106	0.152	0.134	0.143	0.164	0.114	0.09	0.139	0.208	0.21		
		0.083	0.073	0.059	0.067	0.062	0.065	0.058	0.063	0.196	0.419	0.453	0.415		
		
380	21.20	0.208	0.411	0.498	0.417	0.67	0.53	0.483	0.317	0.237	0.484	0.508	0.455		
		0.275	0.409	0.486	0.516	0.759	0.583	0.591	0.492	0.27	0.76	0.871	0.689		
		0.329	0.671	0.742	0.817	1.095	0.888	0.81	0.584	0.398	0.808	0.88	0.699		
		0.437	0.614	0.719	0.773	1.109	0.85	0.858	0.598	0.395	0.909	1.024	0.848		
		0.582	0.919	1.08	1.221	1.727	1.263	1.296	0.925	0.467	1.233	1.426	1.198		
		0.546	0.947	1.032	0.948	1.512	1.219	1.163	0.822	0.552	1.154	1.239	0.955		
		0.119	0.095	0.096	0.144	0.138	0.137	0.158	0.107	0.081	0.136	0.185	0.179		
		0.063	0.058	0.045	0.051	0.047	0.054	0.047	0.05	0.19	0.414	0.409	0.387		
		
390	21.20	0.221	0.436	0.527	0.44	0.705	0.536	0.49	0.355	0.253	0.511	0.547	0.488		
		0.302	0.44	0.522	0.565	0.821	0.639	0.662	0.562	0.304	0.881	1.012	0.798		
		0.373	0.776	0.858	0.939	1.274	1.028	0.927	0.665	0.449	0.92	1.003	0.797		
		0.489	0.694	0.812	0.868	1.257	0.966	0.959	0.666	0.437	0.993	1.123	0.935		
		0.597	0.947	1.083	1.207	1.707	1.251	1.282	0.913	0.46	1.236	1.423	1.192		
		0.556	0.958	1.045	0.982	1.57	1.262	1.192	0.844	0.568	1.191	1.28	0.986		
		0.124	0.098	0.1	0.154	0.153	0.147	0.169	0.112	0.083	0.143	0.21	0.182		
		0.06	0.055	0.042	0.047	0.044	0.052	0.044	0.047	0.198	0.41	0.434	0.4		
		
400	21.20	0.239	0.462	0.556	0.472	0.736	0.54	0.544	0.383	0.275	0.533	0.573	0.517		
		0.331	0.475	0.567	0.616	0.885	0.695	0.73	0.624	0.334	0.981	1.127	0.889		
		0.409	0.857	0.948	1.027	1.409	1.134	1.001	0.715	0.48	0.985	1.074	0.859		
		0.516	0.735	0.859	0.913	1.332	1.023	1	0.696	0.453	1.015	1.148	0.964		
		0.575	0.914	1.012	1.105	1.562	1.148	1.178	0.838	0.422	1.138	1.319	1.1		
		0.532	0.904	0.986	0.949	1.517	1.215	1.138	0.808	0.549	1.142	1.23	0.951		
		0.132	0.105	0.107	0.169	0.16	0.16	0.184	0.12	0.088	0.158	0.208	0.22		
		0.06	0.054	0.041	0.047	0.043	0.052	0.043	0.047	0.211	0.417	0.469	0.38		
		
410	21.20	0.263	0.481	0.59	0.513	0.768	0.6	0.562	0.403	0.302	0.595	0.635	0.563		
		0.366	0.523	0.624	0.676	0.961	0.762	0.803	0.689	0.366	1.078	1.239	0.976		
		0.443	0.93	1.031	1.099	1.523	1.227	1.043	0.742	0.496	1.01	1.101	0.889		
		0.522	0.745	0.87	0.92	1.343	1.028	0.997	0.695	0.451	0.996	1.127	0.952		
		0.541	0.86	0.93	1.001	1.413	1.038	1.064	0.758	0.382	1.05	1.201	1		
		0.495	0.835	0.913	0.891	1.424	1.137	1.058	0.756	0.514	1.065	1.148	0.889		
		0.147	0.114	0.116	0.186	0.161	0.177	0.207	0.131	0.094	0.171	0.244	0.26		
		0.061	0.055	0.042	0.048	0.043	0.052	0.043	0.047	0.226	0.459	0.476	0.438		
		
420	21.20	0.289	0.518	0.633	0.552	0.804	0.646	0.622	0.434	0.33	0.655	0.673	0.607		
		0.401	0.565	0.675	0.729	1.038	0.825	0.868	0.742	0.391	1.15	1.321	1.041		
		0.464	0.98	1.087	1.136	1.595	1.279	1.043	0.74	0.493	0.992	1.079	0.885		
		0.505	0.722	0.843	0.887	1.292	0.99	0.952	0.665	0.431	0.944	1.067	0.905		
		0.505	0.805	0.86	0.921	1.298	0.956	0.981	0.696	0.354	0.969	1.107	0.921		
		0.46	0.772	0.847	0.826	1.319	1.052	0.98	0.7	0.478	0.986	1.065	0.825		
		0.162	0.123	0.125	0.202	0.172	0.193	0.211	0.142	0.1	0.193	0.249	0.283		
		0.063	0.056	0.041	0.048	0.043	0.052	0.043	0.048	0.232	0.514	0.507	0.451		
		
430	21.20	0.307	0.543	0.654	0.58	0.838	0.687	0.642	0.482	0.348	0.673	0.697	0.654		
		0.425	0.598	0.713	0.766	1.084	0.862	0.905	0.77	0.402	1.181	1.361	1.071		
		0.471	0.996	1.106	1.14	1.615	1.295	1.022	0.722	0.481	0.957	1.04	0.862		
		0.483	0.691	0.806	0.844	1.229	0.942	0.901	0.63	0.408	0.891	1.008	0.855		
		0.479	0.761	0.814	0.871	1.226	0.905	0.927	0.659	0.335	0.905	1.046	0.869		
		0.434	0.726	0.799	0.777	1.238	0.989	0.92	0.659	0.453	0.928	1	0.776		
		0.17	0.13	0.132	0.215	0.188	0.206	0.227	0.151	0.105	0.197	0.28	0.263		
		0.064	0.056	0.041	0.048	0.043	0.052	0.043	0.048	0.256	0.524	0.505	0.483		
		
440	21.20	0.327	0.574	0.693	0.607	0.846	0.689	0.661	0.51	0.369	0.707	0.732	0.683		
		0.449	0.628	0.749	0.795	1.114	0.898	0.932	0.784	0.408	1.186	1.368	1.076		
		0.469	0.991	1.1	1.122	1.6	1.283	0.989	0.698	0.464	0.915	0.995	0.831		
		0.461	0.657	0.766	0.8	1.162	0.893	0.853	0.596	0.388	0.843	0.955	0.808		
		0.459	0.728	0.784	0.842	1.186	0.875	0.897	0.637	0.326	0.871	1.008	0.838		
		0.416	0.696	0.766	0.739	1.178	0.942	0.879	0.63	0.428	0.884	0.955	0.739		
		0.177	0.139	0.14	0.229	0.197	0.22	0.238	0.159	0.11	0.228	0.279	0.283		
		0.065	0.057	0.041	0.049	0.043	0.051	0.043	0.048	0.255	0.547	0.551	0.455		
		
450	21.20	0.345	0.582	0.707	0.625	0.859	0.706	0.697	0.511	0.384	0.732	0.749	0.708		
		0.467	0.649	0.772	0.811	1.126	0.914	0.939	0.779	0.403	1.154	1.332	1.046		
		0.451	0.955	1.06	1.077	1.54	1.233	0.946	0.668	0.444	0.873	0.949	0.794		
		0.439	0.626	0.729	0.762	1.107	0.852	0.814	0.569	0.37	0.81	0.916	0.774		
		0.449	0.713	0.776	0.84	1.184	0.872	0.895	0.634	0.324	0.867	1.002	0.834		
		0.409	0.685	0.755	0.723	1.15	0.922	0.862	0.618	0.421	0.866	0.935	0.723		
		0.184	0.148	0.148	0.246	0.21	0.233	0.263	0.169	0.115	0.224	0.315	0.315		
		0.067	0.057	0.041	0.049	0.043	0.051	0.043	0.049	0.269	0.516	0.546	0.473		
		
460	21.20	0.362	0.592	0.732	0.645	0.874	0.741	0.685	0.516	0.399	0.751	0.762	0.707		
		0.484	0.665	0.79	0.816	1.135	0.918	0.929	0.755	0.388	1.082	1.254	0.982		
		0.419	0.883	0.982	0.996	1.425	1.141	0.878	0.623	0.415	0.816	0.885	0.74		
		0.412	0.587	0.685	0.717	1.039	0.801	0.771	0.538	0.35	0.773	0.872	0.735		
		0.442	0.701	0.775	0.85	1.198	0.88	0.904	0.641	0.327	0.868	1.006	0.839		
		0.405	0.683	0.752	0.711	1.131	0.907	0.853	0.61	0.414	0.854	0.922	0.711		
		0.189	0.158	0.156	0.26	0.234	0.246	0.277	0.18	0.121	0.256	0.323	0.358		
		0.069	0.058	0.041	0.05	0.043	0.051	0.043	0.049	0.276	0.539	0.531	0.443		
		
470	21.20	0.386	0.607	0.74	0.661	0.905	0.753	0.736	0.561	0.419	0.76	0.776	0.738		
		0.498	0.68	0.805	0.811	1.125	0.918	0.906	0.712	0.367	0.976	1.136	0.89		
		0.373	0.781	0.869	0.879	1.255	1.004	0.787	0.559	0.373	0.734	0.798	0.664		
		0.375	0.534	0.621	0.652	0.946	0.729	0.707	0.494	0.323	0.722	0.815	0.681		
		0.431	0.683	0.775	0.865	1.218	0.894	0.919	0.651	0.332	0.872	1.014	0.848		
		0.401	0.679	0.747	0.695	1.105	0.889	0.842	0.6	0.409	0.839	0.904	0.697		
		0.193	0.169	0.166	0.277	0.25	0.263	0.296	0.193	0.128	0.269	0.349	0.381		
		0.071	0.059	0.04	0.05	0.044	0.051	0.043	0.05	0.29	0.543	0.494	0.468		
		
480	21.20	0.413	0.632	0.745	0.684	0.95	0.762	0.723	0.589	0.441	0.771	0.803	0.758		
		0.517	0.694	0.825	0.803	1.104	0.908	0.872	0.658	0.338	0.838	0.976	0.766		
		0.312	0.645	0.719	0.727	1.033	0.825	0.661	0.475	0.319	0.627	0.682	0.562		
		0.326	0.462	0.537	0.569	0.82	0.634	0.626	0.438	0.289	0.657	0.74	0.613		
		0.423	0.668	0.785	0.897	1.258	0.922	0.949	0.67	0.342	0.889	1.036	0.87		
		0.399	0.682	0.749	0.678	1.08	0.873	0.835	0.592	0.399	0.826	0.889	0.683		
		0.202	0.185	0.181	0.301	0.269	0.287	0.332	0.211	0.138	0.296	0.391	0.379		
		0.074	0.06	0.04	0.052	0.044	0.052	0.043	0.051	0.3	0.525	0.501	0.439		
		
490	21.20	0.435	0.647	0.753	0.705	0.925	0.758	0.747	0.598	0.46	0.786	0.799	0.761		
		0.532	0.713	0.838	0.795	1.088	0.901	0.845	0.611	0.314	0.71	0.837	0.655		
		0.257	0.523	0.584	0.589	0.829	0.664	0.552	0.398	0.271	0.532	0.579	0.473		
		0.283	0.399	0.462	0.497	0.714	0.553	0.56	0.389	0.259	0.609	0.684	0.559		
		0.425	0.671	0.818	0.957	1.345	0.981	1.012	0.715	0.363	0.936	1.092	0.922		
		0.407	0.707	0.773	0.683	1.087	0.883	0.853	0.602	0.405	0.838	0.902	0.69		
		0.209	0.199	0.194	0.322	0.296	0.308	0.354	0.228	0.148	0.324	0.403	0.412		
		0.075	0.061	0.04	0.052	0.043	0.051	0.043	0.051	0.288	0.524	0.495	0.451		
		
500	21.20	0.459	0.66	0.761	0.721	0.928	0.792	0.765	0.592	0.481	0.8	0.816	0.774		
		0.549	0.726	0.854	0.786	1.082	0.891	0.816	0.566	0.291	0.59	0.697	0.546		
		0.202	0.402	0.454	0.458	0.632	0.509	0.449	0.33	0.225	0.448	0.489	0.392		
		0.246	0.347	0.401	0.437	0.627	0.488	0.513	0.354	0.237	0.587	0.657	0.527		
		0.452	0.715	0.909	1.089	1.529	1.114	1.149	0.806	0.41	1.053	1.229	1.039		
		0.441	0.778	0.85	0.729	1.161	0.947	0.926	0.651	0.43	0.903	0.969	0.739		
		0.218	0.214	0.207	0.346	0.321	0.33	0.382	0.245	0.157	0.335	0.44	0.471		
		0.076	0.062	0.04	0.052	0.044	0.051	0.044	0.052	0.31	0.51	0.464	0.472		
		
510	21.20	0.476	0.661	0.79	0.734	0.936	0.802	0.751	0.647	0.498	0.817	0.816	0.788		
		0.562	0.74	0.869	0.78	1.067	0.886	0.795	0.533	0.277	0.496	0.588	0.464		
		0.161	0.31	0.349	0.358	0.481	0.388	0.383	0.284	0.196	0.4	0.437	0.34		
		0.226	0.319	0.369	0.412	0.588	0.458	0.504	0.344	0.231	0.612	0.683	0.536		
		0.515	0.817	1.077	1.316	1.848	1.336	1.386	0.97	0.488	1.255	1.469	1.245		
		0.508	0.914	0.997	0.833	1.333	1.089	1.074	0.75	0.492	1.042	1.117	0.85		
		0.229	0.229	0.221	0.364	0.334	0.35	0.393	0.262	0.167	0.365	0.456	0.471		
		0.078	0.063	0.04	0.053	0.045	0.052	0.044	0.053	0.294	0.508	0.433	0.435		
		
520	21.20	0.481	0.673	0.788	0.744	0.918	0.799	0.769	0.648	0.508	0.808	0.802	0.8		
		0.565	0.742	0.867	0.772	1.049	0.881	0.775	0.507	0.265	0.429	0.511	0.404		
		0.133	0.247	0.278	0.296	0.381	0.309	0.354	0.266	0.185	0.389	0.426	0.32		
		0.227	0.32	0.37	0.422	0.605	0.47	0.537	0.363	0.244	0.682	0.761	0.587		
		0.608	0.968	1.3	1.607	2.26	1.637	1.69	1.182	0.592	1.524	1.788	1.52		
		0.603	1.098	1.2	0.987	1.583	1.298	1.288	0.897	0.576	1.25	1.333	1.008		
		0.236	0.237	0.228	0.371	0.348	0.36	0.407	0.271	0.173	0.351	0.467	0.467		
		0.078	0.064	0.04	0.053	0.045	0.053	0.044	0.054	0.302	0.51	0.465	0.402		
		
530	21.20	0.467	0.667	0.777	0.73	0.885	0.768	0.74	0.632	0.494	0.792	0.798	0.775		
		0.544	0.719	0.844	0.74	1.019	0.847	0.736	0.47	0.248	0.372	0.445	0.354		
		0.113	0.205	0.231	0.264	0.324	0.26	0.358	0.271	0.188	0.411	0.451	0.329		
		0.245	0.346	0.401	0.464	0.668	0.518	0.609	0.408	0.273	0.797	0.888	0.678		
		0.735	1.174	1.597	1.987	2.787	2.02	2.091	1.462	0.727	1.882	2.206	1.875		
		0.73	1.343	1.474	1.2	1.926	1.579	1.57	1.088	0.7	1.518	1.625	1.222		
		0.232	0.233	0.225	0.363	0.347	0.351	0.402	0.266	0.171	0.376	0.457	0.483		
		0.077	0.064	0.04	0.054	0.046	0.053	0.045	0.054	0.284	0.508	0.44	0.424		
		
540	21.20	0.44	0.635	0.745	0.698	0.886	0.748	0.715	0.592	0.468	0.769	0.752	0.744		
		0.511	0.686	0.81	0.698	0.975	0.804	0.69	0.43	0.229	0.325	0.392	0.311		
		0.1	0.178	0.2	0.257	0.294	0.233	0.39	0.295	0.206	0.464	0.512	0.362		
		0.278	0.396	0.46	0.541	0.782	0.607	0.729	0.483	0.321	0.98	1.096	0.828		
		0.928	1.491	2.043	2.559	3.502	2.602	2.68	1.878	0.931	2.411	2.819	2.41		
		0.925	1.717	1.874	1.519	2.447	2.008	2.005	1.384	0.878	1.93	2.064	1.554		
		0.221	0.222	0.213	0.341	0.326	0.331	0.387	0.253	0.162	0.324	0.434	0.462		
		0.077	0.064	0.041	0.054	0.047	0.053	0.046	0.055	0.286	0.501	0.419	0.428		
		
550	21.20	0.413	0.612	0.707	0.679	0.834	0.728	0.676	0.577	0.448	0.734	0.743	0.723		
		0.486	0.655	0.776	0.668	0.94	0.772	0.658	0.405	0.216	0.3	0.361	0.287		
		0.094	0.167	0.185	0.265	0.291	0.227	0.436	0.331	0.227	0.53	0.586	0.408		
		0.317	0.455	0.529	0.626	0.909	0.702	0.854	0.564	0.372	1.162	1.294	0.972		
		1.107	1.786	2.456	3.037	3.831	3.084	3.169	2.266	1.117	2.874	3.299	2.865		
		1.102	2.056	2.252	1.816	2.916	2.404	2.399	1.657	1.048	2.313	2.468	1.861		
		0.212	0.211	0.202	0.324	0.307	0.313	0.353	0.24	0.155	0.317	0.413	0.431		
		0.076	0.064	0.042	0.055	0.048	0.055	0.047	0.055	0.262	0.481	0.417	0.414		
		
560	21.20	0.359	0.579	0.687	0.636	0.776	0.686	0.658	0.512	0.402	0.682	0.689	0.698		
		0.433	0.6	0.721	0.612	0.874	0.713	0.596	0.358	0.192	0.265	0.321	0.253		
		0.089	0.162	0.175	0.287	0.301	0.23	0.501	0.378	0.26	0.616	0.682	0.47		
		0.365	0.526	0.613	0.724	1.054	0.811	0.963	0.639	0.418	1.265	1.411	1.075		
		1.134	1.827	2.459	2.961	3.442	3	3.065	2.262	1.12	2.843	3.172	2.833		
		1.129	2.089	2.277	1.877	2.93	2.458	2.439	1.701	1.073	2.369	2.519	1.917		
		0.191	0.186	0.178	0.28	0.275	0.271	0.311	0.21	0.138	0.263	0.363	0.358		
		0.076	0.064	0.041	0.055	0.048	0.054	0.047	0.055	0.262	0.481	0.437	0.377		
		
570	21.20	0.277	0.502	0.634	0.55	0.743	0.606	0.555	0.42	0.313	0.574	0.588	0.602		
		0.326	0.486	0.615	0.5	0.769	0.602	0.477	0.264	0.143	0.207	0.254	0.196		
		0.084	0.155	0.162	0.314	0.315	0.236	0.578	0.435	0.295	0.715	0.791	0.542		
		0.418	0.606	0.706	0.818	1.199	0.921	1.033	0.694	0.451	1.244	1.394	1.095		
		0.952	1.541	1.991	2.405	3.206	2.447	2.52	1.787	0.882	2.333	2.693	2.302		
		0.948	1.727	1.873	1.622	2.58	2.12	2.061	1.434	0.914	2.023	2.161	1.645		
		0.146	0.138	0.131	0.204	0.196	0.197	0.245	0.154	0.105	0.196	0.291	0.314		
		0.075	0.063	0.041	0.054	0.048	0.055	0.046	0.055	0.241	0.472	0.383	0.401		
		
580	21.20	0.201	0.454	0.564	0.475	0.682	0.531	0.467	0.357	0.224	0.472	0.483	0.475		
		0.215	0.369	0.494	0.386	0.648	0.483	0.356	0.171	0.095	0.149	0.186	0.139		
		0.078	0.15	0.151	0.343	0.333	0.244	0.653	0.491	0.331	0.81	0.897	0.615		
		0.469	0.684	0.799	0.913	1.343	1.034	1.108	0.753	0.487	1.239	1.393	1.126		
		0.808	1.317	1.59	1.872	2.595	1.912	1.968	1.383	0.686	1.859	2.153	1.811		
		0.8	1.428	1.529	1.413	2.266	1.837	1.746	1.219	0.789	1.73	1.861	1.42		
		0.098	0.089	0.085	0.132	0.125	0.125	0.146	0.098	0.071	0.128	0.204	0.223		
		0.072	0.06	0.039	0.052	0.046	0.052	0.044	0.053	0.194	0.453	0.386	0.402		
		
590	21.20	0.147	0.404	0.524	0.412	0.582	0.457	0.409	0.287	0.156	0.388	0.409	0.395		
		0.134	0.28	0.404	0.296	0.555	0.391	0.259	0.103	0.06	0.109	0.137	0.099		
		0.077	0.151	0.149	0.381	0.361	0.261	0.742	0.555	0.372	0.923	1.022	0.697		
		0.53	0.775	0.904	1.028	1.517	1.164	1.222	0.834	0.536	1.306	1.472	1.21		
		0.76	1.243	1.415	1.618	2.256	1.655	1.699	1.198	0.595	1.645	1.895	1.588		
		0.75	1.311	1.394	1.359	2.18	1.751	1.635	1.145	0.746	1.637	1.764	1.358		
		0.065	0.056	0.054	0.082	0.072	0.076	0.09	0.059	0.049	0.087	0.16	0.174		
		0.067	0.057	0.036	0.049	0.044	0.049	0.041	0.049	0.185	0.442	0.388	0.365		
		
600	21.20	0.114	0.354	0.482	0.364	0.568	0.418	0.371	0.249	0.122	0.344	0.368	0.348		
		0.093	0.228	0.349	0.244	0.495	0.332	0.211	0.072	0.047	0.092	0.115	0.083		
		0.079	0.16	0.155	0.422	0.397	0.284	0.83	0.621	0.417	1.037	1.152	0.782		
		0.591	0.866	1.012	1.146	1.697	1.3	1.348	0.922	0.591	1.417	1.598	1.323		
		0.779	1.279	1.417	1.594	2.224	1.633	1.674	1.18	0.586	1.641	1.885	1.574		
		0.767	1.331	1.41	1.408	2.259	1.81	1.675	1.177	0.769	1.686	1.816	1.403		
		0.049	0.042	0.041	0.061	0.056	0.055	0.071	0.044	0.04	0.067	0.119	0.135		
		0.061	0.051	0.034	0.044	0.042	0.046	0.039	0.046	0.152	0.435	0.345	0.343		
		
610	21.20	0.093	0.313	0.436	0.328	0.515	0.394	0.35	0.21	0.102	0.324	0.344	0.331		
		0.074	0.189	0.299	0.208	0.456	0.29	0.18	0.06	0.043	0.087	0.107	0.079		
		0.082	0.169	0.162	0.455	0.427	0.304	0.901	0.672	0.45	1.124	1.248	0.847		
		0.636	0.934	1.092	1.233	1.827	1.402	1.443	0.987	0.631	1.502	1.696	1.409		
		0.806	1.326	1.451	1.622	2.26	1.662	1.703	1.202	0.595	1.676	1.924	1.605		
		0.789	1.367	1.446	1.458	2.336	1.871	1.727	1.214	0.793	1.742	1.878	1.449		
		0.042	0.038	0.038	0.05	0.048	0.046	0.079	0.039	0.037	0.057	0.118	0.093		
		0.054	0.047	0.032	0.041	0.039	0.044	0.037	0.042	0.13	0.424	0.321	0.339		
		
620	21.20	0.078	0.287	0.389	0.287	0.504	0.37	0.302	0.175	0.087	0.278	0.308	0.285		
		0.062	0.162	0.259	0.178	0.406	0.254	0.155	0.054	0.04	0.085	0.101	0.076		
		0.082	0.17	0.163	0.463	0.435	0.309	0.919	0.685	0.455	1.145	1.271	0.864		
		0.643	0.946	1.106	1.244	1.847	1.416	1.448	0.992	0.633	1.499	1.691	1.408		
		0.791	1.303	1.416	1.578	2.195	1.619	1.657	1.171	0.58	1.634	1.875	1.563		
		0.769	1.334	1.411	1.427	2.284	1.831	1.689	1.189	0.776	1.706	1.838	1.419		
		0.039	0.036	0.036	0.045	0.04	0.042	0.058	0.037	0.036	0.049	0.093	0.112		
		0.048	0.043	0.031	0.038	0.037	0.041	0.035	0.039	0.113	0.369	0.276	0.311		
		
630	21.20	0.07	0.252	0.348	0.259	0.454	0.32	0.287	0.156	0.079	0.251	0.279	0.248		
		0.056	0.142	0.23	0.157	0.364	0.226	0.139	0.05	0.04	0.079	0.093	0.072		
		0.077	0.159	0.152	0.428	0.403	0.285	0.845	0.631	0.419	1.051	1.167	0.795		
		0.588	0.864	1.009	1.13	1.681	1.288	1.31	0.902	0.574	1.351	1.527	1.273		
		0.707	1.161	1.26	1.4	1.953	1.435	1.471	1.038	0.516	1.451	1.667	1.388		
		0.685	1.182	1.251	1.266	2.034	1.627	1.499	1.057	0.697	1.516	1.631	1.26		
		0.037	0.035	0.035	0.043	0.043	0.04	0.067	0.035	0.035	0.05	0.096	0.095		
		0.044	0.04	0.03	0.035	0.035	0.039	0.034	0.037	0.095	0.329	0.3	0.265		
		
640	21.20	0.064	0.239	0.323	0.238	0.431	0.29	0.266	0.145	0.072	0.228	0.263	0.235		
		0.051	0.128	0.207	0.141	0.34	0.204	0.126	0.047	0.038	0.07	0.081	0.065		
		0.068	0.134	0.129	0.351	0.33	0.235	0.686	0.514	0.342	0.852	0.94	0.647		
		0.476	0.697	0.811	0.908	1.351	1.035	1.046	0.722	0.461	1.076	1.219	1.018		
		0.561	0.916	0.993	1.096	1.54	1.132	1.159	0.822	0.41	1.144	1.314	1.095		
		0.543	0.932	0.985	0.995	1.601	1.28	1.178	0.833	0.551	1.196	1.286	0.994		
		0.036	0.035	0.035	0.04	0.037	0.039	0.054	0.035	0.035	0.039	0.077	0.095		
		0.042	0.039	0.029	0.034	0.034	0.038	0.033	0.035	0.093	0.328	0.272	0.294		
		
650	21.20	0.06	0.219	0.302	0.219	0.391	0.292	0.255	0.135	0.068	0.221	0.241	0.213		
		0.048	0.117	0.189	0.129	0.316	0.187	0.114	0.043	0.036	0.059	0.069	0.056		
		0.058	0.104	0.101	0.259	0.245	0.177	0.494	0.372	0.251	0.612	0.676	0.465		
		0.342	0.497	0.58	0.648	0.953	0.736	0.742	0.517	0.333	0.761	0.863	0.718		
		0.401	0.65	0.7	0.772	1.083	0.792	0.815	0.578	0.294	0.804	0.923	0.772		
		0.388	0.657	0.693	0.696	1.124	0.897	0.828	0.588	0.396	0.835	0.905	0.7		
		0.036	0.035	0.034	0.041	0.039	0.038	0.045	0.035	0.035	0.047	0.086	0.068		
		0.039	0.036	0.029	0.032	0.033	0.037	0.032	0.034	0.082	0.315	0.264	0.259		
		
660	21.20	0.057	0.201	0.28	0.206	0.379	0.27	0.224	0.134	0.064	0.204	0.224	0.202		
		0.046	0.11	0.178	0.121	0.296	0.174	0.107	0.04	0.035	0.05	0.057	0.047		
		0.048	0.077	0.076	0.173	0.164	0.123	0.313	0.243	0.167	0.389	0.431	0.298		
		0.222	0.318	0.368	0.408	0.603	0.464	0.468	0.328	0.215	0.478	0.541	0.454		
		0.257	0.407	0.436	0.482	0.671	0.492	0.509	0.365	0.189	0.502	0.57	0.479		
		0.246	0.411	0.433	0.436	0.697	0.558	0.516	0.369	0.256	0.522	0.562	0.438		
		0.035	0.034	0.034	0.039	0.036	0.037	0.046	0.035	0.034	0.042	0.069	0.081		
		0.038	0.035	0.028	0.032	0.033	0.036	0.031	0.033	0.08	0.298	0.27	0.251		
		
670	21.20	0.055	0.184	0.265	0.197	0.355	0.245	0.23	0.124	0.063	0.191	0.215	0.19		
		0.045	0.104	0.167	0.114	0.278	0.163	0.101	0.039	0.035	0.045	0.05	0.042		
		0.042	0.059	0.059	0.116	0.109	0.086	0.197	0.156	0.11	0.241	0.264	0.188		
		0.142	0.198	0.226	0.251	0.362	0.282	0.285	0.204	0.138	0.291	0.328	0.276		
		0.164	0.25	0.268	0.292	0.404	0.299	0.305	0.225	0.123	0.304	0.346	0.293		
		0.159	0.25	0.263	0.265	0.416	0.337	0.311	0.227	0.162	0.316	0.34	0.267		
		0.035	0.034	0.034	0.039	0.039	0.037	0.046	0.034	0.034	0.047	0.077	0.079		
		0.036	0.035	0.028	0.031	0.032	0.035	0.031	0.032	0.075	0.291	0.255	0.245		
		
680	21.20	0.052	0.176	0.246	0.185	0.344	0.232	0.201	0.12	0.06	0.179	0.211	0.185		
		0.044	0.1	0.157	0.106	0.269	0.154	0.095	0.037	0.034	0.04	0.045	0.039		
		0.037	0.047	0.047	0.078	0.074	0.061	0.118	0.099	0.073	0.14	0.152	0.113		
		0.089	0.118	0.132	0.144	0.2	0.161	0.161	0.12	0.087	0.165	0.185	0.157		
		0.1	0.143	0.153	0.165	0.223	0.169	0.173	0.131	0.078	0.172	0.192	0.166		
		0.098	0.144	0.151	0.151	0.228	0.186	0.175	0.132	0.103	0.177	0.191	0.153		
		0.034	0.034	0.033	0.038	0.037	0.036	0.05	0.034	0.034	0.045	0.067	0.077		
		0.036	0.034	0.027	0.031	0.03	0.034	0.031	0.031	0.071	0.275	0.229	0.239		
		
690	21.20	0.051	0.175	0.24	0.178	0.331	0.232	0.202	0.114	0.058	0.17	0.198	0.179		
		0.043	0.094	0.15	0.102	0.256	0.148	0.091	0.037	0.033	0.038	0.042	0.037		
		0.035	0.041	0.041	0.058	0.055	0.049	0.078	0.07	0.055	0.09	0.097	0.076		
		0.062	0.078	0.085	0.092	0.122	0.101	0.101	0.079	0.061	0.102	0.113	0.098		
		0.069	0.091	0.096	0.102	0.136	0.104	0.107	0.085	0.056	0.106	0.117	0.103		
		0.069	0.091	0.095	0.095	0.136	0.114	0.108	0.085	0.073	0.109	0.117	0.096		
		0.034	0.034	0.034	0.039	0.038	0.036	0.046	0.034	0.034	0.047	0.068	0.063		
		0.035	0.033	0.027	0.03	0.031	0.034	0.031	0.03	0.07	0.266	0.237	0.249		
		
700	21.20	0.05	0.168	0.23	0.174	0.312	0.218	0.193	0.104	0.057	0.166	0.185	0.164		
		0.042	0.092	0.145	0.098	0.243	0.142	0.088	0.036	0.034	0.036	0.04	0.036		
		0.034	0.037	0.038	0.048	0.044	0.041	0.054	0.052	0.044	0.062	0.065	0.055		
		0.047	0.055	0.059	0.062	0.076	0.066	0.066	0.055	0.046	0.066	0.072	0.064		
		0.053	0.062	0.065	0.068	0.09	0.068	0.07	0.06	0.044	0.072	0.075	0.068		
		0.052	0.062	0.063	0.063	0.083	0.072	0.069	0.058	0.059	0.07	0.074	0.064		
		0.034	0.034	0.034	0.038	0.036	0.036	0.05	0.034	0.034	0.039	0.066	0.068		
		0.035	0.033	0.028	0.03	0.031	0.034	0.03	0.031	0.068	0.254	0.238	0.229		
		
710	21.20	0.048	0.157	0.22	0.166	0.316	0.215	0.189	0.105	0.055	0.158	0.179	0.164		
		0.042	0.088	0.139	0.095	0.235	0.136	0.084	0.037	0.034	0.036	0.039	0.035		
		0.034	0.037	0.037	0.043	0.04	0.039	0.045	0.045	0.039	0.049	0.049	0.044		
		0.04	0.044	0.045	0.048	0.054	0.05	0.049	0.044	0.039	0.049	0.053	0.048		
		0.044	0.047	0.049	0.049	0.061	0.05	0.051	0.046	0.038	0.055	0.053	0.05		
		0.044	0.048	0.048	0.048	0.057	0.052	0.05	0.045	0.051	0.05	0.055	0.049		
		0.034	0.034	0.034	0.037	0.036	0.036	0.042	0.034	0.034	0.046	0.063	0.06		
		0.033	0.032	0.026	0.029	0.029	0.032	0.029	0.029	0.066	0.236	0.206	0.215		
		
720	21.20	0.049	0.154	0.211	0.16	0.293	0.201	0.19	0.101	0.055	0.158	0.182	0.159		
		0.042	0.086	0.135	0.092	0.228	0.132	0.082	0.037	0.034	0.036	0.039	0.035		
		0.034	0.036	0.037	0.04	0.038	0.037	0.04	0.042	0.037	0.042	0.043	0.04		
		0.037	0.04	0.041	0.042	0.044	0.043	0.042	0.039	0.037	0.042	0.044	0.041		
		0.041	0.042	0.043	0.043	0.05	0.042	0.044	0.042	0.036	0.045	0.044	0.043		
		0.041	0.042	0.042	0.042	0.047	0.044	0.044	0.041	0.047	0.044	0.047	0.043		
		0.036	0.035	0.035	0.038	0.037	0.037	0.043	0.035	0.035	0.038	0.063	0.069		
		0.033	0.032	0.026	0.029	0.029	0.032	0.029	0.029	0.065	0.241	0.211	0.214		
		
730	21.20	0.048	0.151	0.204	0.156	0.283	0.196	0.175	0.095	0.054	0.152	0.171	0.155		
		0.042	0.084	0.13	0.09	0.22	0.128	0.081	0.037	0.035	0.036	0.039	0.036		
		0.034	0.036	0.036	0.039	0.036	0.036	0.037	0.04	0.036	0.039	0.039	0.037		
		0.036	0.038	0.038	0.038	0.039	0.039	0.038	0.036	0.035	0.038	0.04	0.038		
		0.039	0.038	0.039	0.038	0.044	0.038	0.039	0.038	0.035	0.039	0.039	0.039		
		0.039	0.038	0.037	0.038	0.041	0.039	0.038	0.037	0.044	0.039	0.041	0.039		
		0.035	0.035	0.035	0.039	0.038	0.037	0.044	0.036	0.036	0.046	0.064	0.067		
		0.032	0.032	0.027	0.029	0.029	0.032	0.029	0.029	0.065	0.228	0.192	0.208		
		
740	21.20	0.049	0.145	0.204	0.155	0.3	0.197	0.173	0.099	0.055	0.148	0.165	0.152		
		0.043	0.084	0.128	0.09	0.215	0.125	0.081	0.039	0.037	0.039	0.041	0.038		
		0.035	0.037	0.038	0.041	0.038	0.038	0.038	0.041	0.038	0.039	0.04	0.039		
		0.038	0.038	0.038	0.039	0.039	0.04	0.039	0.037	0.037	0.038	0.04	0.038		
		0.04	0.039	0.04	0.039	0.044	0.039	0.04	0.04	0.037	0.041	0.04	0.04		
		0.041	0.039	0.039	0.039	0.041	0.04	0.039	0.038	0.047	0.039	0.042	0.04		
		0.038	0.038	0.038	0.041	0.04	0.04	0.048	0.038	0.038	0.039	0.065	0.071		
		0.032	0.032	0.027	0.028	0.029	0.032	0.029	0.029	0.065	0.234	0.197	0.208		
		
750	21.20	0.05	0.145	0.195	0.148	0.283	0.187	0.178	0.093	0.055	0.143	0.165	0.15		
		0.043	0.082	0.126	0.088	0.211	0.122	0.079	0.039	0.038	0.039	0.041	0.038		
		0.037	0.038	0.039	0.041	0.039	0.039	0.038	0.042	0.039	0.04	0.04	0.039		
		0.037	0.038	0.038	0.039	0.038	0.039	0.038	0.037	0.037	0.038	0.039	0.037		
		0.04	0.039	0.04	0.039	0.046	0.038	0.04	0.039	0.037	0.042	0.039	0.04		
		0.04	0.038	0.038	0.038	0.04	0.039	0.039	0.038	0.047	0.039	0.042	0.04		
		0.038	0.038	0.037	0.04	0.041	0.04	0.048	0.038	0.038	0.05	0.061	0.059		
		0.032	0.032	0.026	0.029	0.029	0.032	0.029	0.03	0.063	0.224	0.191	0.207		
		
~End
Copyright © 2004 Molecular Devices. All rights reserved.
