##BLOCKS= 2          
Plate:	Plate#1	1.3	PlateFormat	Spectrum	Absorbance	Raw	FALSE	41			350	750	10			1	12	96	1	8	None	
Wavelength(nm)	Temperature(¡C)	1	2	3	4	5	6	7	8	9	10	11	12		
350	21.00	0.24	0.228	0.273	0.275	0.286	0.27	0.274	0.307	0.294	0.332	0.294	0.311		
		0.279	0.266	0.304	0.273	0.282	0.307	0.294	0.304	0.277	0.3	0.26	0.269		
		0.268	0.266	0.285	0.187	0.204	0.2	0.211	0.225	0.194	0.214	0.208	0.212		
		0.201	0.184	0.211	0.195	0.194	0.211	0.204	0.201	0.183	0.209	0.204	0.214		
		0.203	0.184	0.213	0.18	0.186	0.225	0.201	0.21	0.193	0.211	0.203	0.201		
		0.202	0.177	0.221	0.191	0.217	0.229	0.204	0.194	0.192	0.216	0.194	0.217		
		0.198	0.18	0.219	0.191	0.219	0.219	0.201	0.216	0.187	0.22	0.185	0.189		
		0.198	0.185	0.206	0.196	0.2	0.217	0.198	0.187	0.188	0.208	0.197	0.209		
		
360	21.00	0.271	0.258	0.317	0.319	0.338	0.314	0.327	0.371	0.351	0.406	0.353	0.376		
		0.329	0.317	0.364	0.325	0.337	0.368	0.351	0.364	0.331	0.357	0.309	0.32		
		0.312	0.312	0.337	0.173	0.186	0.184	0.193	0.206	0.177	0.197	0.19	0.193		
		0.183	0.168	0.193	0.179	0.178	0.194	0.186	0.185	0.168	0.193	0.187	0.201		
		0.185	0.167	0.195	0.166	0.17	0.204	0.186	0.194	0.177	0.196	0.187	0.185		
		0.184	0.161	0.203	0.174	0.197	0.211	0.185	0.178	0.176	0.198	0.179	0.198		
		0.18	0.164	0.2	0.175	0.201	0.202	0.185	0.2	0.175	0.2	0.168	0.172		
		0.182	0.172	0.187	0.179	0.184	0.2	0.181	0.17	0.173	0.193	0.181	0.192		
		
370	21.00	0.304	0.287	0.361	0.364	0.388	0.357	0.379	0.431	0.407	0.47	0.41	0.438		
		0.375	0.361	0.417	0.374	0.389	0.428	0.409	0.422	0.381	0.414	0.354	0.369		
		0.354	0.355	0.387	0.162	0.174	0.176	0.183	0.197	0.168	0.185	0.181	0.183		
		0.172	0.157	0.182	0.169	0.169	0.184	0.178	0.176	0.158	0.181	0.178	0.19		
		0.174	0.155	0.182	0.157	0.161	0.193	0.175	0.185	0.167	0.185	0.178	0.173		
		0.172	0.15	0.189	0.163	0.187	0.2	0.175	0.168	0.165	0.188	0.17	0.185		
		0.17	0.153	0.188	0.164	0.19	0.191	0.176	0.19	0.163	0.186	0.159	0.163		
		0.164	0.16	0.176	0.166	0.172	0.192	0.17	0.159	0.16	0.181	0.171	0.179		
		
380	21.00	0.331	0.311	0.394	0.4	0.419	0.392	0.408	0.468	0.438	0.507	0.443	0.473		
		0.403	0.389	0.448	0.404	0.422	0.466	0.444	0.461	0.414	0.45	0.386	0.402		
		0.384	0.385	0.423	0.155	0.17	0.168	0.178	0.194	0.165	0.181	0.177	0.179		
		0.165	0.15	0.177	0.165	0.164	0.18	0.173	0.173	0.154	0.176	0.173	0.185		
		0.169	0.147	0.176	0.153	0.158	0.189	0.17	0.181	0.163	0.182	0.175	0.17		
		0.164	0.143	0.182	0.158	0.183	0.196	0.171	0.167	0.16	0.183	0.166	0.18		
		0.167	0.147	0.182	0.159	0.188	0.189	0.173	0.187	0.158	0.183	0.156	0.159		
		0.158	0.155	0.172	0.159	0.167	0.191	0.167	0.155	0.153	0.176	0.169	0.174		
		
390	21.00	0.355	0.331	0.411	0.42	0.428	0.409	0.409	0.467	0.433	0.501	0.435	0.466		
		0.399	0.387	0.444	0.407	0.423	0.466	0.45	0.467	0.418	0.462	0.394	0.41		
		0.395	0.396	0.433	0.165	0.183	0.181	0.191	0.208	0.176	0.195	0.19	0.193		
		0.177	0.16	0.19	0.177	0.176	0.194	0.185	0.186	0.165	0.189	0.187	0.199		
		0.18	0.157	0.189	0.164	0.169	0.204	0.183	0.194	0.175	0.193	0.187	0.182		
		0.176	0.153	0.196	0.171	0.197	0.208	0.184	0.178	0.172	0.198	0.178	0.196		
		0.175	0.157	0.194	0.171	0.202	0.202	0.185	0.201	0.169	0.197	0.169	0.171		
		0.165	0.163	0.184	0.169	0.179	0.206	0.18	0.167	0.163	0.189	0.181	0.188		
		
400	21.00	0.359	0.336	0.407	0.415	0.409	0.404	0.382	0.436	0.402	0.461	0.401	0.427		
		0.371	0.359	0.41	0.38	0.398	0.439	0.426	0.442	0.396	0.442	0.376	0.39		
		0.382	0.381	0.417	0.181	0.199	0.198	0.208	0.227	0.19	0.213	0.207	0.211		
		0.194	0.175	0.208	0.194	0.193	0.212	0.202	0.202	0.181	0.207	0.203	0.216		
		0.197	0.172	0.206	0.181	0.183	0.223	0.202	0.212	0.191	0.212	0.205	0.198		
		0.192	0.167	0.215	0.189	0.215	0.23	0.2	0.194	0.188	0.216	0.196	0.213		
		0.191	0.171	0.211	0.186	0.221	0.22	0.201	0.219	0.187	0.216	0.184	0.187		
		0.182	0.175	0.201	0.185	0.197	0.225	0.198	0.181	0.178	0.206	0.197	0.205		
		
410	21.00	0.352	0.328	0.391	0.399	0.384	0.386	0.354	0.401	0.367	0.418	0.364	0.388		
		0.339	0.33	0.376	0.351	0.367	0.403	0.397	0.41	0.369	0.413	0.352	0.366		
		0.359	0.359	0.391	0.203	0.221	0.22	0.23	0.252	0.21	0.237	0.229	0.234		
		0.214	0.194	0.23	0.214	0.215	0.235	0.225	0.224	0.202	0.229	0.229	0.239		
		0.218	0.193	0.229	0.201	0.203	0.247	0.223	0.235	0.212	0.236	0.226	0.221		
		0.216	0.187	0.24	0.209	0.239	0.251	0.224	0.215	0.21	0.239	0.217	0.237		
		0.213	0.19	0.234	0.208	0.244	0.245	0.222	0.24	0.205	0.238	0.204	0.209		
		0.202	0.193	0.223	0.206	0.218	0.248	0.22	0.202	0.197	0.232	0.217	0.226		
		
420	21.00	0.334	0.312	0.37	0.377	0.359	0.365	0.33	0.373	0.341	0.385	0.338	0.36		
		0.315	0.306	0.348	0.326	0.34	0.374	0.367	0.38	0.344	0.384	0.327	0.341		
		0.336	0.336	0.367	0.223	0.243	0.242	0.252	0.277	0.232	0.261	0.251	0.259		
		0.237	0.212	0.253	0.236	0.237	0.259	0.25	0.247	0.222	0.252	0.248	0.266		
		0.239	0.21	0.255	0.22	0.226	0.272	0.245	0.259	0.233	0.258	0.25	0.244		
		0.237	0.205	0.262	0.229	0.262	0.277	0.246	0.235	0.231	0.261	0.234	0.26		
		0.234	0.209	0.258	0.229	0.267	0.27	0.244	0.264	0.227	0.261	0.222	0.229		
		0.224	0.21	0.248	0.229	0.241	0.273	0.243	0.223	0.217	0.252	0.24	0.25		
		
430	21.00	0.317	0.296	0.35	0.356	0.34	0.345	0.313	0.354	0.323	0.365	0.321	0.341		
		0.299	0.29	0.329	0.309	0.322	0.354	0.347	0.361	0.324	0.363	0.309	0.321		
		0.316	0.316	0.344	0.236	0.261	0.257	0.269	0.295	0.249	0.278	0.269	0.275		
		0.255	0.228	0.271	0.253	0.253	0.277	0.266	0.265	0.238	0.27	0.266	0.287		
		0.257	0.227	0.275	0.238	0.241	0.289	0.263	0.278	0.25	0.276	0.267	0.261		
		0.253	0.219	0.28	0.244	0.279	0.297	0.262	0.253	0.245	0.279	0.25	0.277		
		0.251	0.223	0.276	0.246	0.286	0.289	0.261	0.285	0.243	0.279	0.237	0.245		
		0.237	0.225	0.265	0.244	0.258	0.291	0.26	0.24	0.233	0.268	0.258	0.268		
		
440	21.00	0.302	0.282	0.335	0.34	0.326	0.331	0.301	0.342	0.313	0.354	0.31	0.331		
		0.289	0.28	0.319	0.298	0.31	0.342	0.333	0.345	0.312	0.346	0.296	0.309		
		0.302	0.303	0.331	0.254	0.278	0.278	0.287	0.314	0.267	0.297	0.29	0.295		
		0.272	0.245	0.291	0.272	0.27	0.296	0.284	0.282	0.256	0.291	0.284	0.305		
		0.276	0.242	0.295	0.255	0.26	0.306	0.282	0.297	0.268	0.296	0.287	0.28		
		0.271	0.235	0.3	0.263	0.299	0.318	0.28	0.271	0.262	0.298	0.269	0.296		
		0.269	0.24	0.296	0.265	0.308	0.308	0.279	0.303	0.262	0.301	0.256	0.263		
		0.257	0.241	0.286	0.261	0.277	0.308	0.278	0.259	0.251	0.287	0.276	0.287		
		
450	21.00	0.292	0.273	0.325	0.331	0.321	0.322	0.3	0.34	0.312	0.353	0.31	0.33		
		0.287	0.278	0.317	0.295	0.306	0.339	0.329	0.34	0.307	0.34	0.291	0.302		
		0.296	0.296	0.321	0.266	0.294	0.29	0.304	0.332	0.281	0.313	0.308	0.314		
		0.289	0.26	0.307	0.29	0.286	0.313	0.299	0.299	0.27	0.306	0.303	0.321		
		0.291	0.256	0.31	0.271	0.277	0.321	0.297	0.314	0.283	0.313	0.305	0.296		
		0.287	0.25	0.318	0.279	0.318	0.332	0.295	0.288	0.278	0.317	0.285	0.314		
		0.288	0.256	0.314	0.281	0.325	0.323	0.296	0.321	0.277	0.318	0.274	0.28		
		0.269	0.255	0.303	0.278	0.294	0.322	0.292	0.272	0.266	0.303	0.294	0.304		
		
460	21.00	0.279	0.261	0.315	0.321	0.316	0.312	0.298	0.339	0.312	0.357	0.312	0.333		
		0.288	0.279	0.318	0.294	0.306	0.338	0.326	0.337	0.304	0.336	0.287	0.298		
		0.29	0.291	0.316	0.282	0.312	0.308	0.322	0.354	0.296	0.331	0.328	0.331		
		0.307	0.277	0.324	0.305	0.304	0.33	0.316	0.316	0.285	0.324	0.32	0.338		
		0.312	0.27	0.326	0.287	0.294	0.34	0.312	0.33	0.3	0.331	0.323	0.314		
		0.304	0.266	0.335	0.296	0.336	0.35	0.312	0.301	0.295	0.338	0.303	0.333		
		0.304	0.271	0.333	0.296	0.344	0.338	0.313	0.333	0.291	0.337	0.29	0.298		
		0.287	0.269	0.322	0.297	0.312	0.34	0.309	0.287	0.279	0.322	0.312	0.323		
		
470	21.00	0.264	0.247	0.304	0.31	0.313	0.302	0.299	0.341	0.317	0.364	0.318	0.34		
		0.291	0.282	0.323	0.294	0.307	0.338	0.325	0.335	0.303	0.332	0.284	0.295		
		0.286	0.286	0.313	0.301	0.334	0.328	0.341	0.378	0.319	0.354	0.346	0.354		
		0.329	0.297	0.345	0.328	0.326	0.352	0.34	0.337	0.304	0.345	0.346	0.36		
		0.332	0.294	0.345	0.305	0.311	0.364	0.336	0.351	0.322	0.353	0.344	0.335		
		0.327	0.286	0.355	0.319	0.358	0.373	0.333	0.322	0.315	0.357	0.322	0.355		
		0.323	0.292	0.357	0.318	0.367	0.357	0.334	0.36	0.309	0.352	0.308	0.319		
		0.307	0.288	0.345	0.318	0.334	0.361	0.334	0.309	0.299	0.342	0.333	0.346		
		
480	21.10	0.244	0.23	0.289	0.294	0.308	0.288	0.302	0.345	0.324	0.375	0.327	0.35		
		0.297	0.286	0.329	0.297	0.308	0.341	0.324	0.335	0.302	0.328	0.281	0.292		
		0.28	0.281	0.306	0.331	0.358	0.353	0.365	0.404	0.342	0.379	0.372	0.378		
		0.354	0.321	0.369	0.354	0.353	0.378	0.365	0.362	0.328	0.368	0.368	0.386		
		0.359	0.317	0.372	0.33	0.337	0.385	0.359	0.377	0.346	0.38	0.369	0.36		
		0.351	0.309	0.384	0.345	0.382	0.395	0.358	0.339	0.337	0.381	0.346	0.38		
		0.346	0.317	0.382	0.344	0.393	0.383	0.358	0.391	0.336	0.378	0.33	0.344		
		0.331	0.311	0.367	0.344	0.357	0.386	0.363	0.33	0.322	0.363	0.358	0.371		
		
490	21.10	0.229	0.217	0.282	0.287	0.313	0.282	0.314	0.359	0.341	0.397	0.347	0.371		
		0.313	0.3	0.346	0.31	0.321	0.355	0.334	0.343	0.311	0.333	0.286	0.297		
		0.281	0.282	0.309	0.357	0.379	0.37	0.387	0.425	0.363	0.4	0.396	0.399		
		0.373	0.339	0.391	0.379	0.374	0.4	0.382	0.381	0.35	0.39	0.387	0.41		
		0.38	0.335	0.393	0.355	0.356	0.401	0.38	0.397	0.365	0.396	0.389	0.384		
		0.374	0.332	0.399	0.366	0.404	0.416	0.379	0.361	0.359	0.397	0.367	0.399		
		0.37	0.34	0.403	0.364	0.413	0.403	0.378	0.413	0.357	0.4	0.355	0.366		
		0.349	0.332	0.39	0.364	0.378	0.404	0.384	0.351	0.342	0.397	0.379	0.392		
		
500	21.00	0.222	0.213	0.288	0.293	0.337	0.29	0.346	0.398	0.381	0.447	0.391	0.419		
		0.348	0.334	0.388	0.342	0.353	0.392	0.365	0.372	0.339	0.357	0.309	0.32		
		0.298	0.3	0.33	0.371	0.401	0.392	0.408	0.442	0.381	0.419	0.415	0.42		
		0.393	0.358	0.41	0.395	0.393	0.42	0.404	0.403	0.366	0.411	0.411	0.43		
		0.399	0.354	0.416	0.374	0.379	0.423	0.4	0.417	0.385	0.419	0.41	0.404		
		0.394	0.357	0.421	0.387	0.425	0.434	0.4	0.382	0.377	0.42	0.391	0.419		
		0.388	0.358	0.424	0.386	0.434	0.42	0.401	0.423	0.375	0.419	0.379	0.389		
		0.368	0.352	0.411	0.383	0.398	0.421	0.401	0.375	0.361	0.403	0.398	0.412		
		
510	21.10	0.233	0.224	0.316	0.321	0.387	0.32	0.405	0.47	0.453	0.537	0.466	0.499		
		0.412	0.394	0.46	0.399	0.413	0.46	0.424	0.433	0.393	0.412	0.355	0.367		
		0.338	0.34	0.376	0.384	0.413	0.407	0.419	0.455	0.396	0.433	0.429	0.436		
		0.409	0.375	0.426	0.413	0.408	0.435	0.42	0.418	0.384	0.426	0.425	0.443		
		0.415	0.371	0.435	0.388	0.397	0.435	0.415	0.434	0.399	0.436	0.427	0.419		
		0.41	0.375	0.437	0.401	0.439	0.449	0.414	0.396	0.393	0.437	0.405	0.433		
		0.408	0.374	0.441	0.405	0.45	0.438	0.414	0.436	0.389	0.431	0.394	0.405		
		0.383	0.368	0.425	0.4	0.413	0.433	0.416	0.388	0.377	0.42	0.415	0.425		
		
520	21.00	0.259	0.249	0.364	0.371	0.458	0.369	0.486	0.566	0.548	0.652	0.565	0.604		
		0.497	0.474	0.555	0.481	0.495	0.554	0.506	0.516	0.47	0.488	0.422	0.436		
		0.399	0.401	0.444	0.392	0.416	0.413	0.421	0.456	0.4	0.435	0.432	0.44		
		0.414	0.38	0.431	0.417	0.413	0.437	0.422	0.418	0.386	0.429	0.427	0.445		
		0.42	0.375	0.436	0.392	0.402	0.437	0.418	0.438	0.403	0.438	0.431	0.425		
		0.413	0.377	0.44	0.405	0.441	0.453	0.418	0.399	0.398	0.438	0.41	0.436		
		0.407	0.378	0.443	0.406	0.451	0.445	0.418	0.439	0.396	0.433	0.394	0.408		
		0.386	0.372	0.428	0.403	0.416	0.435	0.418	0.392	0.38	0.426	0.42	0.427		
		
530	21.10	0.301	0.291	0.433	0.44	0.556	0.44	0.594	0.69	0.671	0.802	0.694	0.748		
		0.609	0.58	0.682	0.586	0.606	0.677	0.616	0.628	0.57	0.592	0.51	0.53		
		0.48	0.483	0.536	0.382	0.403	0.398	0.41	0.446	0.387	0.423	0.419	0.426		
		0.401	0.369	0.419	0.401	0.397	0.423	0.414	0.406	0.376	0.417	0.414	0.432		
		0.406	0.363	0.419	0.377	0.39	0.425	0.406	0.422	0.39	0.418	0.417	0.407		
		0.4	0.363	0.427	0.391	0.427	0.437	0.408	0.387	0.384	0.428	0.397	0.423		
		0.397	0.368	0.428	0.391	0.438	0.433	0.406	0.429	0.384	0.421	0.382	0.396		
		0.376	0.362	0.417	0.389	0.404	0.424	0.405	0.381	0.367	0.413	0.407	0.416		
		
540	21.10	0.367	0.354	0.54	0.549	0.704	0.551	0.758	0.889	0.865	1.033	0.895	0.958		
		0.779	0.747	0.877	0.748	0.769	0.868	0.789	0.801	0.723	0.753	0.646	0.668		
		0.606	0.613	0.679	0.355	0.379	0.374	0.384	0.421	0.361	0.4	0.394	0.399		
		0.375	0.344	0.391	0.378	0.372	0.398	0.388	0.381	0.354	0.393	0.39	0.406		
		0.381	0.34	0.392	0.355	0.363	0.401	0.38	0.392	0.365	0.394	0.391	0.38		
		0.374	0.338	0.402	0.367	0.401	0.416	0.383	0.364	0.361	0.4	0.371	0.396		
		0.374	0.345	0.401	0.369	0.413	0.407	0.381	0.402	0.359	0.399	0.359	0.37		
		0.353	0.338	0.392	0.364	0.378	0.4	0.38	0.359	0.347	0.389	0.382	0.389		
		
550	21.10	0.431	0.416	0.64	0.651	0.844	0.654	0.908	1.062	1.036	1.24	1.072	1.15		
		0.937	0.892	1.05	0.894	0.93	1.041	0.942	0.958	0.867	0.902	0.773	0.797		
		0.724	0.732	0.811	0.329	0.351	0.35	0.36	0.394	0.337	0.374	0.367	0.371		
		0.349	0.319	0.361	0.351	0.346	0.37	0.361	0.357	0.327	0.366	0.365	0.382		
		0.353	0.314	0.364	0.33	0.336	0.373	0.354	0.366	0.34	0.369	0.363	0.356		
		0.347	0.314	0.37	0.341	0.376	0.388	0.355	0.341	0.336	0.371	0.347	0.37		
		0.345	0.317	0.372	0.341	0.384	0.377	0.354	0.38	0.333	0.373	0.333	0.343		
		0.327	0.314	0.366	0.336	0.351	0.375	0.355	0.331	0.324	0.361	0.354	0.362		
		
560	21.10	0.463	0.444	0.67	0.684	0.865	0.682	0.919	1.076	1.042	1.249	1.077	1.161		
		0.946	0.903	1.061	0.91	0.944	1.057	0.962	0.982	0.889	0.929	0.796	0.822		
		0.751	0.756	0.839	0.29	0.304	0.301	0.314	0.343	0.291	0.323	0.32	0.321		
		0.302	0.272	0.315	0.303	0.3	0.323	0.316	0.306	0.282	0.318	0.317	0.331		
		0.303	0.27	0.314	0.282	0.287	0.329	0.307	0.318	0.295	0.318	0.314	0.31		
		0.299	0.266	0.324	0.292	0.326	0.338	0.306	0.294	0.289	0.325	0.298	0.322		
		0.295	0.27	0.325	0.293	0.333	0.331	0.308	0.329	0.287	0.322	0.286	0.292		
		0.278	0.269	0.316	0.29	0.303	0.329	0.306	0.281	0.279	0.315	0.305	0.312		
		
570	21.10	0.447	0.425	0.6	0.613	0.719	0.606	0.737	0.865	0.826	0.982	0.849	0.915		
		0.755	0.724	0.847	0.74	0.765	0.858	0.799	0.815	0.736	0.781	0.67	0.694		
		0.647	0.65	0.718	0.216	0.232	0.226	0.243	0.267	0.219	0.248	0.245	0.248		
		0.231	0.202	0.242	0.23	0.228	0.249	0.238	0.237	0.214	0.244	0.242	0.256		
		0.229	0.199	0.242	0.21	0.215	0.256	0.234	0.245	0.222	0.245	0.24	0.235		
		0.226	0.196	0.25	0.217	0.253	0.265	0.233	0.221	0.218	0.251	0.227	0.247		
		0.222	0.199	0.252	0.22	0.258	0.257	0.237	0.246	0.216	0.249	0.211	0.22		
		0.209	0.201	0.243	0.218	0.231	0.259	0.235	0.216	0.209	0.241	0.233	0.242		
		
580	21.10	0.436	0.411	0.544	0.557	0.599	0.545	0.595	0.688	0.646	0.759	0.659	0.703		
		0.598	0.574	0.667	0.597	0.62	0.693	0.658	0.677	0.612	0.665	0.567	0.587		
		0.564	0.564	0.621	0.143	0.164	0.165	0.177	0.199	0.157	0.182	0.179	0.179		
		0.161	0.138	0.175	0.162	0.159	0.183	0.17	0.169	0.148	0.176	0.172	0.189		
		0.162	0.136	0.179	0.145	0.15	0.193	0.17	0.176	0.157	0.179	0.174	0.169		
		0.159	0.13	0.187	0.151	0.187	0.2	0.166	0.156	0.153	0.185	0.16	0.182		
		0.155	0.134	0.182	0.153	0.192	0.192	0.17	0.181	0.153	0.183	0.147	0.151		
		0.148	0.14	0.178	0.152	0.165	0.192	0.167	0.153	0.148	0.175	0.163	0.175		
		
590	21.10	0.454	0.425	0.539	0.551	0.559	0.535	0.53	0.61	0.565	0.655	0.57	0.61		
		0.525	0.508	0.583	0.539	0.561	0.624	0.607	0.627	0.563	0.625	0.532	0.551		
		0.54	0.538	0.59	0.1	0.117	0.116	0.128	0.146	0.112	0.132	0.128	0.127		
		0.11	0.093	0.125	0.113	0.11	0.131	0.119	0.121	0.104	0.128	0.125	0.137		
		0.113	0.092	0.128	0.096	0.103	0.142	0.121	0.129	0.11	0.13	0.125	0.119		
		0.109	0.087	0.136	0.102	0.138	0.151	0.117	0.109	0.106	0.134	0.11	0.131		
		0.106	0.088	0.131	0.104	0.14	0.144	0.121	0.139	0.106	0.132	0.099	0.102		
		0.101	0.096	0.128	0.104	0.117	0.145	0.12	0.106	0.102	0.127	0.115	0.124		
		
600	21.10	0.489	0.456	0.567	0.581	0.571	0.562	0.534	0.609	0.56	0.644	0.562	0.599		
		0.523	0.507	0.58	0.542	0.565	0.628	0.615	0.639	0.573	0.641	0.546	0.565		
		0.559	0.556	0.609	0.079	0.089	0.091	0.101	0.115	0.084	0.104	0.098	0.097		
		0.083	0.069	0.098	0.085	0.083	0.103	0.092	0.093	0.079	0.1	0.095	0.106		
		0.085	0.069	0.097	0.073	0.079	0.112	0.093	0.099	0.084	0.102	0.096	0.091		
		0.083	0.063	0.105	0.075	0.106	0.119	0.09	0.087	0.081	0.106	0.085	0.1		
		0.079	0.065	0.101	0.077	0.11	0.113	0.094	0.103	0.081	0.104	0.074	0.075		
		0.077	0.075	0.098	0.078	0.089	0.118	0.091	0.078	0.08	0.101	0.089	0.095		
		
610	21.10	0.515	0.48	0.594	0.606	0.589	0.587	0.545	0.622	0.57	0.657	0.572	0.61		
		0.532	0.516	0.591	0.555	0.577	0.643	0.632	0.656	0.589	0.661	0.562	0.582		
		0.578	0.574	0.63	0.064	0.072	0.074	0.083	0.094	0.069	0.085	0.08	0.079		
		0.068	0.057	0.078	0.069	0.066	0.084	0.077	0.076	0.065	0.082	0.078	0.088		
		0.069	0.057	0.079	0.058	0.064	0.095	0.076	0.081	0.069	0.085	0.078	0.074		
		0.067	0.052	0.086	0.061	0.086	0.099	0.074	0.072	0.067	0.088	0.071	0.082		
		0.066	0.053	0.083	0.063	0.089	0.095	0.077	0.083	0.068	0.087	0.062	0.061		
		0.063	0.066	0.08	0.063	0.073	0.098	0.073	0.063	0.066	0.084	0.073	0.076		
		
620	21.10	0.513	0.478	0.587	0.601	0.58	0.581	0.536	0.611	0.557	0.641	0.557	0.594		
		0.521	0.503	0.576	0.542	0.566	0.628	0.619	0.643	0.577	0.649	0.551	0.571		
		0.567	0.563	0.618	0.056	0.063	0.064	0.072	0.079	0.061	0.072	0.069	0.067		
		0.058	0.05	0.066	0.059	0.057	0.071	0.065	0.065	0.056	0.07	0.066	0.074		
		0.06	0.05	0.067	0.051	0.055	0.081	0.066	0.067	0.06	0.072	0.066	0.063		
		0.057	0.045	0.073	0.054	0.073	0.086	0.065	0.062	0.058	0.075	0.061	0.07		
		0.055	0.047	0.07	0.054	0.074	0.081	0.067	0.07	0.059	0.075	0.053	0.052		
		0.054	0.061	0.067	0.054	0.062	0.085	0.062	0.055	0.057	0.073	0.063	0.065		
		
630	21.10	0.464	0.432	0.529	0.541	0.52	0.522	0.478	0.544	0.497	0.572	0.497	0.532		
		0.465	0.45	0.515	0.483	0.505	0.559	0.553	0.574	0.515	0.58	0.493	0.509		
		0.507	0.504	0.552	0.051	0.057	0.058	0.065	0.07	0.055	0.064	0.062	0.06		
		0.052	0.045	0.059	0.054	0.052	0.064	0.06	0.059	0.051	0.063	0.06	0.064		
		0.054	0.046	0.059	0.047	0.049	0.074	0.059	0.061	0.054	0.064	0.059	0.056		
		0.052	0.042	0.064	0.049	0.064	0.075	0.058	0.057	0.053	0.067	0.056	0.062		
		0.05	0.043	0.062	0.049	0.065	0.071	0.06	0.063	0.054	0.066	0.049	0.047		
		0.049	0.059	0.06	0.05	0.055	0.075	0.055	0.052	0.053	0.066	0.056	0.058		
		
640	21.10	0.374	0.349	0.426	0.434	0.416	0.419	0.383	0.436	0.398	0.454	0.397	0.424		
		0.372	0.36	0.411	0.386	0.404	0.448	0.44	0.458	0.411	0.462	0.393	0.408		
		0.404	0.403	0.441	0.048	0.052	0.055	0.06	0.064	0.051	0.059	0.057	0.055		
		0.048	0.043	0.055	0.05	0.048	0.059	0.055	0.054	0.047	0.059	0.056	0.06		
		0.051	0.044	0.055	0.044	0.046	0.067	0.055	0.056	0.05	0.059	0.055	0.053		
		0.048	0.04	0.06	0.045	0.059	0.07	0.054	0.053	0.049	0.062	0.052	0.057		
		0.048	0.042	0.058	0.046	0.06	0.065	0.055	0.058	0.051	0.062	0.046	0.045		
		0.045	0.057	0.055	0.046	0.051	0.068	0.051	0.047	0.049	0.06	0.052	0.053		
		
650	21.10	0.271	0.253	0.306	0.312	0.299	0.3	0.276	0.313	0.284	0.325	0.285	0.304		
		0.268	0.259	0.295	0.277	0.29	0.32	0.316	0.327	0.294	0.331	0.281	0.293		
		0.291	0.288	0.314	0.045	0.05	0.051	0.057	0.059	0.048	0.056	0.053	0.052		
		0.046	0.041	0.051	0.047	0.045	0.055	0.051	0.05	0.045	0.055	0.052	0.056		
		0.048	0.042	0.051	0.042	0.044	0.064	0.052	0.052	0.048	0.055	0.052	0.05		
		0.046	0.038	0.056	0.043	0.055	0.064	0.051	0.049	0.047	0.059	0.049	0.054		
		0.046	0.041	0.055	0.044	0.056	0.061	0.053	0.054	0.049	0.058	0.045	0.043		
		0.043	0.056	0.051	0.044	0.048	0.064	0.048	0.044	0.046	0.056	0.049	0.05		
		
660	21.10	0.177	0.167	0.2	0.203	0.194	0.196	0.18	0.201	0.186	0.21	0.185	0.197		
		0.175	0.17	0.191	0.181	0.188	0.206	0.203	0.211	0.192	0.213	0.184	0.191		
		0.188	0.188	0.203	0.044	0.049	0.049	0.054	0.057	0.047	0.054	0.052	0.05		
		0.045	0.04	0.049	0.045	0.044	0.052	0.049	0.049	0.044	0.053	0.05	0.053		
		0.047	0.041	0.05	0.042	0.043	0.061	0.05	0.051	0.047	0.054	0.05	0.049		
		0.045	0.038	0.053	0.042	0.053	0.061	0.049	0.048	0.046	0.056	0.047	0.051		
		0.045	0.039	0.052	0.043	0.054	0.058	0.051	0.052	0.046	0.055	0.043	0.042		
		0.042	0.055	0.05	0.042	0.046	0.06	0.046	0.043	0.045	0.054	0.046	0.048		
		
670	21.10	0.116	0.11	0.13	0.131	0.125	0.127	0.117	0.13	0.121	0.135	0.12	0.128		
		0.114	0.111	0.124	0.119	0.122	0.133	0.131	0.135	0.124	0.136	0.119	0.124		
		0.121	0.121	0.13	0.043	0.047	0.047	0.052	0.054	0.045	0.051	0.05	0.048		
		0.044	0.039	0.047	0.044	0.042	0.05	0.048	0.047	0.042	0.051	0.048	0.052		
		0.046	0.04	0.048	0.04	0.042	0.057	0.048	0.048	0.045	0.052	0.049	0.047		
		0.044	0.037	0.051	0.041	0.052	0.059	0.047	0.046	0.044	0.053	0.046	0.05		
		0.044	0.039	0.05	0.042	0.053	0.056	0.049	0.051	0.045	0.053	0.042	0.041		
		0.041	0.055	0.049	0.041	0.045	0.058	0.045	0.042	0.044	0.053	0.045	0.047		
		
680	21.10	0.076	0.072	0.084	0.084	0.081	0.081	0.077	0.083	0.078	0.085	0.077	0.082		
		0.074	0.072	0.079	0.075	0.078	0.083	0.082	0.084	0.079	0.085	0.075	0.08		
		0.077	0.077	0.083	0.042	0.045	0.046	0.05	0.053	0.044	0.05	0.048	0.046		
		0.042	0.039	0.046	0.044	0.042	0.049	0.047	0.046	0.041	0.05	0.048	0.05		
		0.044	0.039	0.046	0.04	0.041	0.055	0.047	0.046	0.044	0.05	0.047	0.045		
		0.042	0.037	0.05	0.041	0.051	0.056	0.046	0.045	0.043	0.052	0.045	0.048		
		0.042	0.038	0.049	0.041	0.051	0.054	0.047	0.048	0.044	0.051	0.041	0.04		
		0.04	0.055	0.047	0.04	0.044	0.056	0.044	0.041	0.043	0.051	0.044	0.045		
		
690	21.10	0.054	0.053	0.06	0.06	0.057	0.057	0.056	0.058	0.056	0.06	0.055	0.057		
		0.054	0.053	0.057	0.055	0.056	0.06	0.059	0.06	0.057	0.06	0.054	0.057		
		0.055	0.056	0.059	0.041	0.044	0.045	0.049	0.051	0.043	0.049	0.047	0.045		
		0.041	0.038	0.045	0.042	0.041	0.047	0.045	0.045	0.04	0.048	0.045	0.048		
		0.044	0.039	0.045	0.039	0.04	0.055	0.046	0.046	0.043	0.048	0.046	0.044		
		0.041	0.036	0.048	0.039	0.048	0.055	0.045	0.044	0.042	0.051	0.043	0.047		
		0.041	0.037	0.048	0.04	0.048	0.052	0.046	0.047	0.043	0.05	0.04	0.039		
		0.039	0.054	0.045	0.039	0.043	0.054	0.042	0.04	0.042	0.048	0.043	0.044		
		
700	21.10	0.044	0.043	0.047	0.047	0.045	0.045	0.045	0.045	0.045	0.046	0.044	0.045		
		0.042	0.042	0.045	0.043	0.044	0.045	0.045	0.046	0.045	0.046	0.042	0.045		
		0.043	0.044	0.044	0.041	0.044	0.044	0.048	0.05	0.043	0.048	0.046	0.045		
		0.041	0.037	0.044	0.042	0.04	0.046	0.044	0.044	0.04	0.047	0.045	0.047		
		0.043	0.039	0.045	0.039	0.04	0.053	0.045	0.046	0.043	0.048	0.045	0.044		
		0.041	0.036	0.047	0.039	0.047	0.053	0.044	0.043	0.042	0.05	0.043	0.046		
		0.041	0.038	0.047	0.04	0.048	0.051	0.045	0.046	0.043	0.05	0.041	0.039		
		0.039	0.054	0.045	0.039	0.042	0.053	0.042	0.04	0.041	0.049	0.043	0.044		
		
710	21.10	0.038	0.038	0.041	0.04	0.039	0.039	0.039	0.039	0.038	0.039	0.039	0.039		
		0.038	0.037	0.038	0.038	0.037	0.039	0.039	0.039	0.038	0.039	0.036	0.039		
		0.037	0.038	0.039	0.04	0.043	0.044	0.047	0.049	0.042	0.047	0.046	0.044		
		0.04	0.038	0.044	0.041	0.04	0.045	0.044	0.044	0.04	0.046	0.044	0.045		
		0.042	0.038	0.043	0.038	0.038	0.05	0.044	0.044	0.041	0.046	0.043	0.042		
		0.041	0.036	0.047	0.039	0.045	0.051	0.043	0.043	0.041	0.049	0.043	0.045		
		0.04	0.037	0.045	0.039	0.046	0.049	0.044	0.044	0.041	0.048	0.039	0.038		
		0.039	0.054	0.044	0.038	0.041	0.051	0.041	0.039	0.04	0.047	0.042	0.042		
		
720	21.10	0.036	0.036	0.039	0.038	0.036	0.036	0.038	0.037	0.037	0.037	0.036	0.037		
		0.036	0.036	0.037	0.035	0.036	0.036	0.036	0.037	0.037	0.035	0.036	0.037		
		0.035	0.036	0.037	0.04	0.043	0.043	0.047	0.048	0.042	0.046	0.045	0.044		
		0.041	0.038	0.044	0.041	0.04	0.045	0.043	0.044	0.039	0.044	0.044	0.046		
		0.042	0.038	0.043	0.038	0.039	0.05	0.044	0.044	0.041	0.045	0.043	0.042		
		0.04	0.036	0.046	0.039	0.046	0.05	0.044	0.043	0.042	0.049	0.043	0.045		
		0.041	0.037	0.045	0.04	0.046	0.049	0.044	0.045	0.041	0.048	0.04	0.038		
		0.038	0.054	0.043	0.038	0.04	0.051	0.041	0.039	0.04	0.046	0.041	0.042		
		
730	21.10	0.036	0.037	0.039	0.038	0.036	0.036	0.038	0.037	0.037	0.037	0.037	0.036		
		0.035	0.034	0.036	0.035	0.035	0.036	0.036	0.036	0.036	0.035	0.034	0.037		
		0.034	0.036	0.035	0.04	0.042	0.043	0.046	0.047	0.041	0.046	0.044	0.043		
		0.04	0.037	0.042	0.04	0.039	0.044	0.043	0.042	0.038	0.044	0.042	0.045		
		0.043	0.038	0.044	0.039	0.039	0.05	0.044	0.044	0.042	0.046	0.044	0.043		
		0.04	0.035	0.045	0.038	0.045	0.05	0.042	0.042	0.04	0.047	0.041	0.043		
		0.039	0.037	0.045	0.038	0.046	0.048	0.043	0.044	0.041	0.046	0.039	0.038		
		0.039	0.055	0.044	0.039	0.041	0.051	0.041	0.039	0.041	0.047	0.041	0.042		
		
740	21.10	0.037	0.037	0.04	0.038	0.037	0.037	0.039	0.038	0.037	0.038	0.037	0.038		
		0.037	0.037	0.038	0.038	0.037	0.038	0.037	0.038	0.038	0.037	0.037	0.039		
		0.035	0.036	0.036	0.04	0.042	0.043	0.046	0.048	0.041	0.046	0.044	0.043		
		0.041	0.039	0.044	0.042	0.04	0.045	0.044	0.044	0.04	0.045	0.044	0.046		
		0.043	0.039	0.044	0.039	0.04	0.05	0.045	0.045	0.042	0.046	0.045	0.043		
		0.041	0.037	0.046	0.039	0.046	0.051	0.044	0.043	0.042	0.048	0.043	0.045		
		0.041	0.038	0.046	0.04	0.047	0.049	0.045	0.045	0.043	0.048	0.041	0.039		
		0.039	0.056	0.044	0.039	0.041	0.051	0.041	0.04	0.041	0.047	0.042	0.043		
		
750	21.10	0.037	0.037	0.04	0.039	0.037	0.037	0.039	0.037	0.037	0.038	0.037	0.037		
		0.036	0.036	0.038	0.037	0.037	0.037	0.037	0.037	0.037	0.037	0.037	0.038		
		0.036	0.037	0.036	0.041	0.043	0.043	0.046	0.048	0.042	0.046	0.045	0.044		
		0.041	0.038	0.043	0.041	0.04	0.045	0.043	0.042	0.039	0.045	0.043	0.045		
		0.043	0.039	0.044	0.039	0.039	0.05	0.044	0.044	0.042	0.046	0.044	0.043		
		0.041	0.037	0.045	0.039	0.045	0.05	0.043	0.042	0.041	0.047	0.042	0.044		
		0.042	0.038	0.046	0.04	0.047	0.049	0.044	0.045	0.042	0.048	0.041	0.039		
		0.039	0.055	0.043	0.039	0.041	0.05	0.041	0.039	0.04	0.046	0.041	0.042		
		
~End
Copyright © 2004 Molecular Devices. All rights reserved.
