##BLOCKS= 2          
Plate:	Plate#1	1.3	PlateFormat	Spectrum	Absorbance	Raw	FALSE	41			350	750	10			1	12	96	1	8	None	
Wavelength(nm)	Temperature(¡C)	1	2	3	4	5	6	7	8	9	10	11	12		
350	20.70	0.165	0.19	0.179	0.167	0.173	0.175	0.171	0.166	0.175	0.165	0.183	0.177		
		0.185	0.193	0.172	0.188	0.199	0.214	0.215	0.188	0.214	0.182	0.232	0.224		
		0.217	0.229	0.225	0.215	0.229	0.243	0.227	0.19	0.209	0.193	0.234	0.213		
		0.206	0.224	0.209	0.216	0.241	0.212	0.258	0.253	0.248	0.268	0.311	0.309		
		0.291	0.323	0.266	0.281	0.33	0.323	0.308	0.304	0.295	0.071	0.075	0.073		
		0.172	0.204	0.177	0.189	0.201	0.2	0.198	0.184	0.181	0.18	0.194	0.181		
		0.173	0.165	0.169	0.186	0.21	0.206	0.196	0.19	0.162	0.163	0.182	0.172		
		0.174	0.193	0.158	0.187	0.208	0.207	0.19	0.193	0.189	0.159	0.172	0.176		
		
360	20.70	0.162	0.173	0.167	0.163	0.173	0.16	0.165	0.151	0.162	0.152	0.169	0.164		
		0.173	0.18	0.161	0.181	0.193	0.21	0.218	0.19	0.216	0.185	0.241	0.234		
		0.227	0.24	0.235	0.235	0.251	0.259	0.253	0.208	0.229	0.212	0.253	0.236		
		0.229	0.252	0.233	0.245	0.278	0.242	0.303	0.3	0.291	0.322	0.376	0.374		
		0.345	0.388	0.315	0.337	0.401	0.391	0.371	0.366	0.354	0.063	0.067	0.065		
		0.166	0.191	0.161	0.172	0.192	0.195	0.183	0.171	0.167	0.165	0.177	0.161		
		0.179	0.152	0.156	0.172	0.194	0.194	0.187	0.177	0.147	0.15	0.173	0.158		
		0.165	0.176	0.143	0.171	0.198	0.193	0.181	0.182	0.174	0.144	0.161	0.155		
		
370	20.70	0.146	0.154	0.153	0.165	0.159	0.148	0.143	0.142	0.149	0.142	0.159	0.155		
		0.164	0.171	0.152	0.179	0.192	0.212	0.226	0.195	0.224	0.192	0.256	0.246		
		0.24	0.255	0.25	0.258	0.277	0.283	0.282	0.227	0.253	0.235	0.28	0.263		
		0.251	0.279	0.257	0.274	0.315	0.272	0.346	0.343	0.331	0.37	0.441	0.435		
		0.396	0.45	0.359	0.39	0.468	0.457	0.436	0.427	0.413	0.055	0.059	0.057		
		0.152	0.177	0.15	0.161	0.183	0.18	0.174	0.161	0.154	0.154	0.163	0.148		
		0.161	0.138	0.145	0.161	0.187	0.184	0.18	0.166	0.136	0.138	0.158	0.147		
		0.154	0.163	0.131	0.157	0.179	0.185	0.169	0.174	0.16	0.134	0.15	0.14		
		
380	20.70	0.134	0.142	0.143	0.143	0.153	0.133	0.136	0.136	0.142	0.134	0.154	0.15		
		0.158	0.167	0.146	0.181	0.197	0.22	0.241	0.204	0.237	0.202	0.278	0.268		
		0.258	0.274	0.269	0.282	0.307	0.312	0.313	0.248	0.276	0.254	0.305	0.289		
		0.274	0.307	0.282	0.3	0.352	0.301	0.383	0.378	0.363	0.399	0.475	0.47		
		0.422	0.482	0.386	0.419	0.508	0.496	0.471	0.463	0.446	0.044	0.05	0.047		
		0.135	0.165	0.14	0.155	0.174	0.172	0.163	0.153	0.148	0.147	0.157	0.141		
		0.144	0.127	0.137	0.153	0.181	0.176	0.173	0.159	0.128	0.13	0.149	0.138		
		0.137	0.154	0.121	0.148	0.171	0.18	0.166	0.164	0.148	0.125	0.14	0.135		
		
390	20.70	0.137	0.147	0.149	0.134	0.156	0.141	0.146	0.14	0.15	0.144	0.165	0.161		
		0.172	0.183	0.159	0.201	0.22	0.247	0.274	0.23	0.271	0.228	0.317	0.302		
		0.291	0.313	0.307	0.317	0.347	0.359	0.353	0.276	0.309	0.284	0.337	0.323		
		0.303	0.341	0.312	0.329	0.387	0.331	0.405	0.395	0.379	0.388	0.465	0.459		
		0.414	0.473	0.378	0.413	0.501	0.493	0.469	0.46	0.444	0.043	0.05	0.046		
		0.138	0.173	0.146	0.161	0.181	0.178	0.17	0.158	0.154	0.152	0.164	0.146		
		0.15	0.13	0.14	0.157	0.189	0.184	0.177	0.168	0.135	0.136	0.154	0.143		
		0.145	0.159	0.127	0.154	0.177	0.188	0.173	0.168	0.154	0.13	0.146	0.139		
		
400	20.70	0.15	0.158	0.161	0.149	0.172	0.156	0.16	0.153	0.164	0.156	0.181	0.176		
		0.189	0.202	0.176	0.221	0.243	0.273	0.303	0.255	0.298	0.251	0.352	0.335		
		0.318	0.345	0.337	0.339	0.375	0.395	0.377	0.296	0.329	0.3	0.369	0.342		
		0.318	0.36	0.329	0.34	0.403	0.343	0.403	0.389	0.375	0.357	0.427	0.419		
		0.381	0.433	0.347	0.382	0.463	0.455	0.437	0.428	0.413	0.044	0.051	0.047		
		0.153	0.185	0.157	0.172	0.194	0.192	0.187	0.172	0.165	0.167	0.178	0.157		
		0.159	0.142	0.152	0.171	0.2	0.197	0.191	0.182	0.146	0.146	0.167	0.156		
		0.149	0.173	0.136	0.165	0.191	0.202	0.184	0.181	0.165	0.141	0.154	0.149		
		
410	20.70	0.162	0.172	0.175	0.174	0.179	0.178	0.181	0.168	0.182	0.173	0.201	0.194		
		0.21	0.223	0.194	0.243	0.269	0.302	0.332	0.278	0.327	0.273	0.384	0.366		
		0.341	0.373	0.365	0.35	0.391	0.426	0.388	0.303	0.336	0.304	0.392	0.347		
		0.32	0.363	0.331	0.337	0.401	0.341	0.388	0.371	0.36	0.322	0.385	0.379		
		0.346	0.392	0.315	0.349	0.421	0.415	0.401	0.393	0.378	0.045	0.053	0.049		
		0.163	0.202	0.17	0.187	0.211	0.216	0.203	0.187	0.181	0.182	0.194	0.173		
		0.174	0.153	0.165	0.187	0.216	0.216	0.209	0.196	0.159	0.16	0.184	0.169		
		0.167	0.191	0.149	0.181	0.209	0.222	0.203	0.195	0.181	0.153	0.171	0.162		
		
420	20.70	0.175	0.19	0.191	0.186	0.188	0.197	0.19	0.183	0.198	0.188	0.222	0.214		
		0.229	0.245	0.211	0.264	0.292	0.328	0.356	0.297	0.35	0.289	0.408	0.389		
		0.353	0.393	0.383	0.346	0.394	0.446	0.384	0.3	0.332	0.297	0.399	0.338		
		0.309	0.35	0.319	0.323	0.384	0.326	0.365	0.349	0.339	0.298	0.355	0.35		
		0.32	0.362	0.291	0.322	0.39	0.381	0.371	0.364	0.35	0.046	0.054	0.05		
		0.18	0.219	0.184	0.202	0.229	0.226	0.22	0.203	0.197	0.195	0.211	0.184		
		0.188	0.166	0.178	0.2	0.234	0.233	0.224	0.214	0.173	0.172	0.197	0.184		
		0.178	0.205	0.161	0.197	0.224	0.24	0.219	0.216	0.196	0.167	0.185	0.175		
		
430	20.70	0.182	0.198	0.2	0.184	0.198	0.188	0.201	0.198	0.211	0.2	0.235	0.228		
		0.242	0.261	0.224	0.276	0.307	0.343	0.368	0.307	0.362	0.296	0.418	0.398		
		0.355	0.399	0.389	0.338	0.387	0.454	0.371	0.292	0.32	0.286	0.396	0.325		
		0.295	0.335	0.305	0.306	0.364	0.31	0.347	0.331	0.322	0.283	0.337	0.332		
		0.304	0.343	0.277	0.306	0.369	0.36	0.351	0.344	0.332	0.046	0.055	0.05		
		0.183	0.231	0.195	0.212	0.239	0.238	0.235	0.213	0.207	0.207	0.222	0.196		
		0.197	0.175	0.19	0.213	0.249	0.247	0.235	0.224	0.184	0.182	0.209	0.194		
		0.187	0.216	0.17	0.207	0.241	0.252	0.233	0.227	0.209	0.177	0.196	0.186		
		
440	20.70	0.193	0.209	0.215	0.206	0.21	0.2	0.214	0.213	0.226	0.213	0.25	0.244		
		0.255	0.276	0.235	0.286	0.318	0.355	0.374	0.311	0.368	0.297	0.42	0.399		
		0.351	0.398	0.387	0.325	0.377	0.451	0.358	0.28	0.307	0.274	0.392	0.309		
		0.28	0.318	0.29	0.291	0.345	0.294	0.33	0.317	0.307	0.274	0.327	0.322		
		0.294	0.333	0.269	0.296	0.356	0.348	0.338	0.332	0.32	0.047	0.057	0.051		
		0.199	0.244	0.207	0.226	0.253	0.256	0.246	0.225	0.22	0.218	0.235	0.207		
		0.209	0.185	0.2	0.225	0.264	0.259	0.249	0.238	0.195	0.194	0.219	0.205		
		0.203	0.228	0.18	0.217	0.253	0.267	0.245	0.233	0.22	0.188	0.208	0.195		
		
450	20.80	0.199	0.218	0.222	0.216	0.213	0.218	0.229	0.223	0.235	0.224	0.263	0.256		
		0.266	0.286	0.244	0.29	0.324	0.36	0.369	0.307	0.363	0.29	0.408	0.389		
		0.339	0.384	0.374	0.311	0.362	0.435	0.343	0.269	0.294	0.262	0.379	0.297		
		0.268	0.304	0.277	0.279	0.331	0.282	0.32	0.31	0.298	0.274	0.326	0.322		
		0.293	0.332	0.268	0.294	0.354	0.346	0.336	0.329	0.318	0.047	0.057	0.051		
		0.203	0.255	0.216	0.236	0.265	0.263	0.251	0.234	0.229	0.228	0.243	0.214		
		0.218	0.194	0.21	0.233	0.275	0.271	0.258	0.248	0.205	0.203	0.227	0.214		
		0.209	0.235	0.187	0.228	0.264	0.275	0.255	0.248	0.229	0.198	0.212	0.202		
		
460	20.70	0.207	0.224	0.229	0.244	0.231	0.214	0.245	0.224	0.247	0.235	0.276	0.267		
		0.274	0.296	0.252	0.29	0.325	0.361	0.354	0.295	0.348	0.271	0.384	0.365		
		0.314	0.357	0.348	0.291	0.337	0.404	0.319	0.252	0.276	0.246	0.353	0.278		
		0.253	0.286	0.26	0.265	0.313	0.267	0.31	0.3	0.29	0.277	0.33	0.325		
		0.296	0.335	0.271	0.296	0.357	0.349	0.336	0.33	0.318	0.047	0.058	0.051		
		0.211	0.263	0.225	0.247	0.273	0.283	0.267	0.244	0.24	0.238	0.254	0.226		
		0.222	0.202	0.217	0.245	0.282	0.283	0.268	0.256	0.216	0.212	0.236	0.221		
		0.211	0.246	0.197	0.241	0.271	0.286	0.266	0.253	0.239	0.209	0.217	0.207		
		
470	20.80	0.216	0.237	0.242	0.217	0.23	0.228	0.245	0.236	0.261	0.244	0.287	0.278		
		0.283	0.306	0.259	0.288	0.324	0.357	0.333	0.278	0.327	0.248	0.348	0.331		
		0.28	0.319	0.31	0.264	0.303	0.36	0.291	0.229	0.251	0.224	0.317	0.254		
		0.232	0.263	0.24	0.246	0.29	0.248	0.296	0.29	0.279	0.283	0.337	0.332		
		0.301	0.341	0.276	0.299	0.36	0.353	0.338	0.332	0.321	0.046	0.058	0.05		
		0.213	0.273	0.236	0.255	0.285	0.282	0.277	0.252	0.249	0.247	0.267	0.231		
		0.227	0.21	0.226	0.254	0.293	0.291	0.279	0.264	0.227	0.223	0.247	0.226		
		0.222	0.255	0.205	0.251	0.287	0.301	0.275	0.265	0.248	0.22	0.227	0.217		
		
480	20.70	0.225	0.247	0.251	0.226	0.243	0.23	0.254	0.247	0.274	0.258	0.299	0.291		
		0.292	0.317	0.268	0.285	0.321	0.352	0.305	0.255	0.299	0.216	0.3	0.284		
		0.236	0.267	0.26	0.227	0.258	0.3	0.25	0.198	0.217	0.197	0.27	0.222		
		0.206	0.231	0.212	0.223	0.26	0.224	0.281	0.278	0.267	0.294	0.35	0.346		
		0.312	0.354	0.286	0.308	0.37	0.363	0.345	0.34	0.327	0.047	0.06	0.051		
		0.227	0.286	0.25	0.27	0.299	0.294	0.288	0.264	0.263	0.259	0.275	0.245		
		0.239	0.223	0.237	0.264	0.305	0.304	0.288	0.273	0.241	0.237	0.259	0.239		
		0.232	0.268	0.215	0.267	0.295	0.315	0.289	0.278	0.259	0.233	0.237	0.227		
		
490	20.70	0.228	0.256	0.263	0.229	0.263	0.237	0.259	0.258	0.283	0.27	0.312	0.303		
		0.302	0.327	0.277	0.283	0.32	0.347	0.28	0.236	0.275	0.187	0.257	0.244		
		0.195	0.22	0.213	0.195	0.217	0.245	0.213	0.171	0.188	0.172	0.224	0.194		
		0.182	0.204	0.187	0.202	0.234	0.203	0.271	0.273	0.261	0.313	0.374	0.368		
		0.33	0.377	0.304	0.325	0.391	0.382	0.361	0.355	0.342	0.047	0.06	0.051		
		0.236	0.296	0.258	0.28	0.31	0.302	0.296	0.273	0.271	0.271	0.286	0.252		
		0.245	0.233	0.245	0.273	0.316	0.315	0.295	0.283	0.253	0.247	0.267	0.25		
		0.237	0.28	0.227	0.275	0.306	0.321	0.295	0.28	0.27	0.243	0.245	0.232		
		
500	20.80	0.233	0.263	0.266	0.244	0.271	0.244	0.263	0.266	0.295	0.279	0.322	0.316		
		0.31	0.338	0.286	0.282	0.32	0.345	0.257	0.216	0.252	0.158	0.215	0.202		
		0.155	0.174	0.168	0.164	0.179	0.191	0.181	0.146	0.161	0.149	0.18	0.169		
		0.163	0.181	0.167	0.189	0.216	0.188	0.275	0.281	0.268	0.355	0.425	0.42		
		0.372	0.426	0.342	0.365	0.441	0.43	0.402	0.397	0.381	0.047	0.062	0.051		
		0.244	0.299	0.267	0.288	0.309	0.31	0.304	0.279	0.283	0.274	0.292	0.256		
		0.252	0.239	0.252	0.282	0.321	0.322	0.302	0.289	0.261	0.257	0.276	0.256		
		0.241	0.292	0.232	0.283	0.314	0.331	0.308	0.289	0.272	0.252	0.251	0.239		
		
510	20.70	0.245	0.263	0.273	0.257	0.258	0.256	0.27	0.28	0.303	0.289	0.331	0.326		
		0.317	0.345	0.294	0.282	0.32	0.343	0.24	0.202	0.235	0.137	0.182	0.172		
		0.125	0.138	0.134	0.145	0.153	0.15	0.161	0.132	0.146	0.137	0.148	0.156		
		0.155	0.172	0.159	0.19	0.214	0.187	0.301	0.312	0.295	0.426	0.511	0.506		
		0.445	0.51	0.41	0.435	0.524	0.514	0.477	0.47	0.452	0.048	0.063	0.052		
		0.244	0.302	0.272	0.294	0.316	0.32	0.306	0.284	0.286	0.281	0.298	0.262		
		0.255	0.243	0.26	0.289	0.321	0.328	0.308	0.298	0.269	0.261	0.279	0.264		
		0.248	0.293	0.238	0.293	0.32	0.334	0.312	0.301	0.279	0.258	0.256	0.238		
		
520	20.80	0.238	0.267	0.272	0.274	0.244	0.243	0.277	0.272	0.301	0.293	0.333	0.328		
		0.32	0.348	0.297	0.281	0.318	0.339	0.228	0.194	0.223	0.123	0.16	0.15		
		0.106	0.114	0.11	0.14	0.142	0.123	0.157	0.127	0.143	0.137	0.13	0.158		
		0.16	0.176	0.164	0.204	0.229	0.201	0.345	0.363	0.341	0.519	0.622	0.615		
		0.541	0.621	0.497	0.526	0.64	0.623	0.574	0.567	0.547	0.048	0.064	0.052		
		0.244	0.303	0.271	0.293	0.315	0.318	0.306	0.283	0.284	0.279	0.296	0.263		
		0.258	0.244	0.257	0.287	0.321	0.325	0.311	0.295	0.268	0.262	0.279	0.259		
		0.24	0.294	0.237	0.29	0.313	0.332	0.308	0.287	0.279	0.257	0.254	0.238		
		
530	20.80	0.238	0.269	0.271	0.24	0.244	0.235	0.274	0.273	0.298	0.284	0.323	0.319		
		0.311	0.338	0.288	0.27	0.306	0.325	0.213	0.182	0.209	0.11	0.142	0.134		
		0.097	0.098	0.095	0.144	0.141	0.106	0.164	0.131	0.15	0.145	0.124	0.168		
		0.175	0.193	0.18	0.231	0.259	0.227	0.41	0.433	0.407	0.636	0.769	0.76		
		0.664	0.765	0.611	0.644	0.781	0.766	0.704	0.695	0.666	0.047	0.064	0.052		
		0.232	0.295	0.263	0.285	0.31	0.308	0.297	0.278	0.277	0.272	0.289	0.257		
		0.242	0.235	0.251	0.281	0.315	0.316	0.298	0.292	0.261	0.255	0.269	0.255		
		0.242	0.285	0.231	0.283	0.312	0.325	0.3	0.285	0.273	0.25	0.249	0.233		
		
540	20.80	0.218	0.246	0.251	0.226	0.239	0.22	0.258	0.258	0.279	0.268	0.304	0.299		
		0.292	0.317	0.271	0.254	0.286	0.303	0.197	0.168	0.193	0.1	0.127	0.12		
		0.093	0.088	0.086	0.158	0.151	0.096	0.181	0.144	0.169	0.163	0.124	0.191		
		0.203	0.224	0.207	0.275	0.308	0.268	0.51	0.546	0.508	0.819	0.996	0.989		
		0.856	0.991	0.783	0.829	1.007	0.989	0.906	0.891	0.861	0.046	0.062	0.051		
		0.224	0.281	0.25	0.274	0.293	0.291	0.282	0.263	0.264	0.262	0.272	0.25		
		0.24	0.225	0.237	0.268	0.301	0.3	0.283	0.274	0.248	0.243	0.256	0.24		
		0.223	0.272	0.222	0.269	0.291	0.311	0.287	0.275	0.258	0.236	0.231	0.221		
		
550	20.80	0.212	0.233	0.242	0.218	0.216	0.208	0.24	0.233	0.264	0.257	0.289	0.284		
		0.278	0.302	0.258	0.241	0.272	0.288	0.185	0.158	0.181	0.093	0.117	0.111		
		0.095	0.084	0.083	0.175	0.165	0.094	0.203	0.16	0.188	0.183	0.132	0.215		
		0.231	0.255	0.237	0.32	0.359	0.312	0.609	0.648	0.607	0.988	1.195	1.18		
		1.027	1.186	0.942	0.994	1.209	1.187	1.083	1.071	1.027	0.045	0.061	0.05		
		0.208	0.267	0.239	0.26	0.279	0.275	0.265	0.251	0.249	0.246	0.261	0.229		
		0.225	0.213	0.225	0.256	0.284	0.287	0.269	0.255	0.232	0.228	0.244	0.229		
		0.213	0.263	0.209	0.254	0.285	0.294	0.274	0.259	0.242	0.225	0.216	0.213		
		
560	20.80	0.195	0.213	0.217	0.206	0.19	0.182	0.218	0.21	0.24	0.231	0.262	0.256		
		0.249	0.27	0.231	0.216	0.243	0.258	0.166	0.143	0.163	0.086	0.107	0.101		
		0.1	0.082	0.081	0.2	0.186	0.094	0.234	0.183	0.216	0.21	0.143	0.249		
		0.265	0.291	0.27	0.355	0.401	0.348	0.641	0.676	0.633	0.992	1.202	1.186		
		1.034	1.196	0.946	1.003	1.225	1.197	1.101	1.081	1.042	0.044	0.057	0.047		
		0.19	0.245	0.215	0.235	0.256	0.257	0.25	0.228	0.229	0.224	0.24	0.213		
		0.209	0.191	0.202	0.23	0.262	0.268	0.251	0.235	0.209	0.207	0.223	0.207		
		0.197	0.237	0.187	0.231	0.254	0.273	0.252	0.234	0.222	0.201	0.202	0.189		
		
570	20.80	0.168	0.183	0.185	0.174	0.158	0.149	0.181	0.171	0.195	0.179	0.206	0.202		
		0.189	0.204	0.175	0.163	0.183	0.194	0.128	0.111	0.124	0.072	0.088	0.084		
		0.107	0.079	0.079	0.229	0.212	0.094	0.268	0.209	0.245	0.24	0.161	0.283		
		0.293	0.327	0.302	0.367	0.423	0.364	0.579	0.594	0.562	0.772	0.935	0.928		
		0.815	0.94	0.74	0.797	0.976	0.953	0.881	0.868	0.836	0.039	0.049	0.042		
		0.166	0.211	0.186	0.203	0.222	0.225	0.212	0.201	0.196	0.194	0.206	0.18		
		0.181	0.161	0.171	0.199	0.229	0.235	0.216	0.203	0.173	0.173	0.19	0.175		
		0.165	0.204	0.164	0.199	0.225	0.234	0.216	0.204	0.19	0.169	0.172	0.167		
		
580	20.80	0.137	0.156	0.159	0.125	0.119	0.118	0.13	0.131	0.143	0.123	0.147	0.141		
		0.124	0.136	0.114	0.105	0.116	0.125	0.087	0.077	0.086	0.058	0.069	0.067		
		0.114	0.076	0.078	0.256	0.236	0.096	0.303	0.233	0.275	0.267	0.175	0.317		
		0.323	0.361	0.333	0.382	0.448	0.383	0.532	0.529	0.505	0.59	0.714	0.703		
		0.63	0.722	0.572	0.623	0.761	0.743	0.701	0.686	0.659	0.035	0.041	0.037		
		0.141	0.181	0.153	0.171	0.187	0.192	0.183	0.167	0.166	0.161	0.175	0.15		
		0.154	0.135	0.142	0.171	0.194	0.195	0.179	0.178	0.14	0.143	0.163	0.147		
		0.142	0.181	0.139	0.166	0.198	0.206	0.186	0.174	0.16	0.138	0.141	0.143		
		
590	20.80	0.123	0.134	0.131	0.097	0.095	0.098	0.091	0.095	0.104	0.083	0.1	0.096		
		0.076	0.082	0.068	0.063	0.068	0.073	0.057	0.053	0.056	0.047	0.055	0.054		
		0.123	0.076	0.079	0.288	0.265	0.1	0.341	0.263	0.311	0.301	0.191	0.358		
		0.359	0.404	0.371	0.414	0.488	0.416	0.53	0.515	0.494	0.503	0.608	0.597		
		0.544	0.619	0.494	0.544	0.663	0.651	0.622	0.608	0.588	0.032	0.035	0.032		
		0.118	0.154	0.129	0.144	0.156	0.161	0.152	0.14	0.138	0.137	0.15	0.13		
		0.128	0.108	0.114	0.144	0.164	0.169	0.155	0.15	0.112	0.116	0.135	0.12		
		0.125	0.148	0.114	0.139	0.167	0.174	0.162	0.154	0.135	0.111	0.123	0.123		
		
600	20.80	0.101	0.112	0.113	0.081	0.084	0.089	0.075	0.076	0.083	0.063	0.076	0.072		
		0.055	0.058	0.05	0.047	0.049	0.052	0.046	0.044	0.045	0.045	0.051	0.051		
		0.134	0.079	0.083	0.322	0.296	0.106	0.383	0.292	0.348	0.335	0.193	0.399		
		0.399	0.451	0.413	0.454	0.538	0.456	0.561	0.539	0.518	0.492	0.595	0.584		
		0.537	0.608	0.485	0.539	0.659	0.645	0.622	0.608	0.587	0.032	0.033	0.032		
		0.107	0.134	0.11	0.122	0.14	0.14	0.134	0.123	0.117	0.118	0.13	0.111		
		0.114	0.093	0.1	0.123	0.149	0.146	0.134	0.128	0.092	0.098	0.117	0.109		
		0.107	0.128	0.098	0.118	0.142	0.152	0.135	0.129	0.116	0.091	0.104	0.109		
		
610	20.80	0.099	0.097	0.097	0.071	0.079	0.072	0.063	0.066	0.069	0.054	0.063	0.061		
		0.046	0.048	0.042	0.04	0.041	0.044	0.042	0.04	0.041	0.044	0.05	0.05		
		0.143	0.082	0.086	0.348	0.319	0.112	0.414	0.314	0.375	0.361	0.208	0.43		
		0.428	0.484	0.444	0.482	0.574	0.487	0.588	0.563	0.542	0.5	0.603	0.593		
		0.545	0.618	0.493	0.549	0.671	0.661	0.636	0.62	0.599	0.031	0.032	0.031		
		0.09	0.119	0.092	0.107	0.119	0.12	0.121	0.103	0.1	0.102	0.112	0.096		
		0.099	0.081	0.085	0.105	0.129	0.124	0.118	0.112	0.078	0.083	0.1	0.088		
		0.092	0.112	0.084	0.101	0.125	0.13	0.122	0.115	0.102	0.078	0.09	0.097		
		
620	20.80	0.079	0.083	0.086	0.07	0.062	0.064	0.059	0.055	0.061	0.048	0.055	0.053		
		0.042	0.043	0.039	0.038	0.038	0.041	0.04	0.039	0.04	0.044	0.049	0.049		
		0.144	0.083	0.087	0.354	0.325	0.113	0.423	0.319	0.382	0.366	0.211	0.436		
		0.433	0.49	0.448	0.484	0.578	0.49	0.584	0.558	0.538	0.487	0.59	0.579		
		0.532	0.604	0.481	0.537	0.656	0.647	0.623	0.607	0.587	0.03	0.032	0.031		
		0.083	0.102	0.08	0.09	0.106	0.108	0.102	0.092	0.087	0.09	0.097	0.085		
		0.091	0.07	0.075	0.091	0.11	0.109	0.101	0.095	0.068	0.073	0.088	0.081		
		0.084	0.099	0.074	0.087	0.109	0.113	0.105	0.1	0.087	0.067	0.081	0.087		
		
630	20.80	0.076	0.078	0.077	0.059	0.06	0.06	0.056	0.053	0.056	0.045	0.05	0.049		
		0.04	0.041	0.037	0.037	0.037	0.039	0.039	0.038	0.039	0.043	0.048	0.048		
		0.137	0.079	0.083	0.328	0.303	0.107	0.391	0.296	0.352	0.338	0.197	0.403		
		0.397	0.45	0.412	0.441	0.528	0.447	0.528	0.501	0.487	0.435	0.527	0.516		
		0.475	0.539	0.43	0.481	0.588	0.575	0.556	0.542	0.523	0.03	0.031	0.03		
		0.076	0.092	0.072	0.08	0.095	0.096	0.092	0.084	0.078	0.081	0.085	0.076		
		0.083	0.064	0.069	0.083	0.101	0.097	0.092	0.086	0.06	0.066	0.08	0.073		
		0.077	0.089	0.066	0.078	0.097	0.103	0.093	0.091	0.078	0.06	0.073	0.076		
		
640	20.80	0.071	0.072	0.072	0.057	0.065	0.05	0.051	0.049	0.051	0.043	0.047	0.046		
		0.039	0.039	0.036	0.036	0.036	0.038	0.038	0.037	0.038	0.041	0.045	0.045		
		0.117	0.07	0.073	0.271	0.251	0.093	0.322	0.245	0.29	0.278	0.166	0.331		
		0.324	0.367	0.336	0.358	0.426	0.363	0.424	0.402	0.392	0.349	0.421	0.413		
		0.381	0.429	0.345	0.383	0.468	0.46	0.445	0.434	0.417	0.03	0.031	0.03		
		0.073	0.088	0.066	0.075	0.086	0.087	0.086	0.075	0.071	0.074	0.081	0.071		
		0.08	0.058	0.064	0.077	0.092	0.091	0.085	0.078	0.057	0.061	0.074	0.067		
		0.072	0.08	0.062	0.071	0.091	0.094	0.085	0.083	0.072	0.056	0.069	0.075		
		
650	20.80	0.065	0.068	0.068	0.057	0.058	0.049	0.051	0.047	0.049	0.042	0.045	0.045		
		0.038	0.038	0.036	0.036	0.035	0.037	0.036	0.036	0.036	0.038	0.042	0.042		
		0.093	0.06	0.062	0.201	0.189	0.076	0.238	0.183	0.215	0.206	0.127	0.244		
		0.237	0.266	0.246	0.26	0.311	0.265	0.308	0.291	0.283	0.252	0.304	0.298		
		0.275	0.309	0.25	0.278	0.337	0.329	0.319	0.311	0.301	0.03	0.031	0.03		
		0.063	0.081	0.063	0.07	0.084	0.084	0.079	0.072	0.068	0.072	0.077	0.067		
		0.073	0.057	0.06	0.072	0.087	0.085	0.079	0.074	0.054	0.058	0.071	0.065		
		0.066	0.077	0.058	0.068	0.084	0.087	0.081	0.08	0.068	0.053	0.066	0.07		
		
660	20.80	0.06	0.064	0.064	0.052	0.051	0.047	0.046	0.044	0.047	0.041	0.044	0.043		
		0.037	0.037	0.035	0.034	0.034	0.036	0.035	0.034	0.034	0.035	0.038	0.038		
		0.07	0.05	0.05	0.137	0.129	0.06	0.159	0.125	0.146	0.14	0.092	0.162		
		0.158	0.177	0.163	0.171	0.204	0.174	0.199	0.19	0.185	0.165	0.197	0.192		
		0.179	0.201	0.165	0.18	0.218	0.212	0.207	0.202	0.194	0.029	0.031	0.029		
		0.066	0.076	0.06	0.066	0.078	0.078	0.073	0.069	0.064	0.066	0.071	0.064		
		0.069	0.054	0.056	0.068	0.082	0.079	0.075	0.07	0.051	0.055	0.065	0.061		
		0.062	0.07	0.055	0.063	0.079	0.083	0.077	0.072	0.065	0.051	0.06	0.065		
		
670	20.80	0.062	0.065	0.061	0.053	0.054	0.044	0.044	0.044	0.046	0.039	0.042	0.041		
		0.036	0.036	0.034	0.034	0.034	0.036	0.034	0.034	0.034	0.034	0.036	0.036		
		0.055	0.043	0.043	0.093	0.089	0.048	0.106	0.086	0.099	0.094	0.067	0.108		
		0.104	0.115	0.107	0.111	0.129	0.113	0.128	0.122	0.119	0.107	0.126	0.123		
		0.117	0.13	0.107	0.117	0.139	0.137	0.133	0.13	0.126	0.029	0.031	0.03		
		0.059	0.071	0.057	0.063	0.075	0.075	0.071	0.064	0.062	0.063	0.068	0.061		
		0.067	0.051	0.055	0.065	0.079	0.076	0.072	0.066	0.049	0.053	0.062	0.058		
		0.063	0.068	0.053	0.06	0.075	0.078	0.072	0.07	0.062	0.049	0.058	0.064		
		
680	20.80	0.058	0.06	0.059	0.05	0.054	0.049	0.045	0.042	0.045	0.039	0.041	0.041		
		0.036	0.036	0.034	0.034	0.033	0.035	0.033	0.033	0.033	0.033	0.034	0.035		
		0.045	0.039	0.039	0.064	0.062	0.041	0.071	0.06	0.067	0.065	0.051	0.072		
		0.069	0.075	0.071	0.073	0.083	0.075	0.081	0.078	0.077	0.071	0.08	0.079		
		0.075	0.082	0.071	0.076	0.087	0.085	0.084	0.082	0.08	0.029	0.03	0.029		
		0.06	0.069	0.056	0.061	0.072	0.072	0.07	0.063	0.058	0.063	0.066	0.06		
		0.065	0.05	0.052	0.063	0.075	0.071	0.069	0.067	0.048	0.052	0.061	0.056		
		0.059	0.066	0.051	0.058	0.072	0.075	0.07	0.067	0.06	0.047	0.057	0.06		
		
690	20.80	0.056	0.056	0.056	0.047	0.045	0.049	0.044	0.041	0.044	0.039	0.041	0.041		
		0.035	0.035	0.033	0.033	0.033	0.035	0.033	0.033	0.033	0.033	0.033	0.034		
		0.039	0.037	0.035	0.049	0.048	0.037	0.053	0.047	0.051	0.049	0.042	0.053		
		0.051	0.054	0.052	0.053	0.059	0.054	0.057	0.055	0.055	0.052	0.057	0.056		
		0.054	0.058	0.052	0.056	0.061	0.059	0.059	0.058	0.058	0.03	0.031	0.029		
		0.059	0.066	0.053	0.059	0.071	0.068	0.066	0.062	0.057	0.059	0.064	0.057		
		0.064	0.049	0.051	0.061	0.071	0.07	0.067	0.062	0.047	0.051	0.059	0.056		
		0.056	0.063	0.05	0.055	0.069	0.072	0.067	0.063	0.058	0.046	0.055	0.059		
		
700	20.80	0.056	0.057	0.056	0.049	0.046	0.045	0.044	0.042	0.043	0.039	0.039	0.04		
		0.035	0.036	0.033	0.034	0.033	0.034	0.033	0.033	0.033	0.032	0.033	0.033		
		0.036	0.036	0.035	0.041	0.041	0.036	0.043	0.04	0.042	0.041	0.038	0.044		
		0.041	0.043	0.04	0.042	0.044	0.043	0.044	0.043	0.043	0.041	0.044	0.043		
		0.043	0.045	0.041	0.044	0.047	0.046	0.046	0.045	0.044	0.029	0.03	0.029		
		0.055	0.065	0.052	0.057	0.067	0.066	0.064	0.059	0.056	0.057	0.062	0.055		
		0.061	0.047	0.05	0.06	0.07	0.067	0.065	0.063	0.046	0.05	0.057	0.054		
		0.057	0.062	0.049	0.055	0.067	0.069	0.066	0.063	0.055	0.045	0.053	0.058		
		
710	20.80	0.053	0.055	0.054	0.054	0.049	0.042	0.041	0.04	0.042	0.038	0.039	0.039		
		0.035	0.035	0.033	0.034	0.033	0.035	0.033	0.033	0.032	0.033	0.033	0.034		
		0.035	0.035	0.034	0.037	0.037	0.035	0.038	0.036	0.038	0.037	0.036	0.038		
		0.036	0.037	0.036	0.037	0.038	0.038	0.038	0.037	0.037	0.036	0.038	0.037		
		0.037	0.038	0.036	0.038	0.039	0.039	0.039	0.039	0.038	0.029	0.03	0.029		
		0.053	0.062	0.051	0.055	0.064	0.063	0.061	0.057	0.053	0.056	0.059	0.053		
		0.059	0.046	0.048	0.056	0.066	0.065	0.062	0.058	0.044	0.048	0.056	0.052		
		0.055	0.059	0.046	0.052	0.064	0.066	0.063	0.06	0.053	0.043	0.051	0.056		
		
720	20.80	0.053	0.053	0.053	0.049	0.05	0.042	0.041	0.04	0.042	0.037	0.039	0.039		
		0.036	0.035	0.034	0.034	0.033	0.035	0.033	0.033	0.032	0.033	0.033	0.033		
		0.034	0.035	0.034	0.035	0.035	0.034	0.036	0.035	0.036	0.036	0.035	0.036		
		0.034	0.035	0.034	0.035	0.035	0.035	0.035	0.035	0.035	0.034	0.035	0.035		
		0.035	0.036	0.034	0.035	0.037	0.035	0.036	0.035	0.035	0.029	0.03	0.029		
		0.053	0.059	0.05	0.053	0.062	0.063	0.059	0.057	0.051	0.054	0.057	0.052		
		0.059	0.045	0.047	0.055	0.065	0.063	0.06	0.057	0.043	0.047	0.054	0.051		
		0.051	0.058	0.047	0.052	0.064	0.065	0.063	0.06	0.052	0.043	0.051	0.054		
		
730	20.80	0.052	0.051	0.052	0.047	0.05	0.041	0.042	0.039	0.041	0.037	0.038	0.039		
		0.035	0.035	0.033	0.034	0.033	0.034	0.033	0.033	0.033	0.033	0.033	0.033		
		0.034	0.035	0.033	0.034	0.035	0.033	0.034	0.034	0.034	0.034	0.034	0.035		
		0.033	0.034	0.034	0.033	0.034	0.033	0.034	0.034	0.033	0.033	0.033	0.033		
		0.035	0.036	0.035	0.036	0.037	0.036	0.037	0.036	0.035	0.031	0.032	0.03		
		0.051	0.06	0.049	0.053	0.062	0.062	0.059	0.055	0.052	0.054	0.057	0.052		
		0.056	0.044	0.046	0.055	0.063	0.062	0.059	0.058	0.043	0.046	0.053	0.051		
		0.054	0.057	0.046	0.051	0.062	0.065	0.06	0.058	0.052	0.043	0.049	0.054		
		
740	20.80	0.051	0.052	0.051	0.049	0.048	0.042	0.042	0.04	0.042	0.038	0.04	0.04		
		0.036	0.036	0.035	0.035	0.034	0.036	0.034	0.034	0.035	0.034	0.034	0.035		
		0.034	0.036	0.035	0.036	0.035	0.035	0.035	0.035	0.036	0.035	0.035	0.035		
		0.033	0.034	0.033	0.033	0.034	0.034	0.034	0.034	0.034	0.034	0.034	0.033		
		0.036	0.036	0.035	0.035	0.037	0.036	0.037	0.036	0.036	0.032	0.033	0.031		
		0.05	0.058	0.048	0.053	0.061	0.061	0.057	0.054	0.051	0.054	0.057	0.051		
		0.057	0.045	0.047	0.055	0.064	0.061	0.06	0.056	0.044	0.047	0.053	0.051		
		0.052	0.057	0.045	0.05	0.06	0.063	0.061	0.057	0.051	0.043	0.048	0.054		
		
750	20.90	0.053	0.052	0.052	0.044	0.044	0.045	0.043	0.041	0.042	0.039	0.041	0.04		
		0.037	0.036	0.035	0.035	0.035	0.037	0.035	0.034	0.034	0.035	0.035	0.035		
		0.035	0.036	0.035	0.035	0.035	0.035	0.036	0.035	0.036	0.036	0.035	0.036		
		0.035	0.035	0.035	0.035	0.035	0.035	0.035	0.035	0.035	0.035	0.035	0.035		
		0.036	0.036	0.036	0.036	0.038	0.036	0.037	0.036	0.036	0.032	0.033	0.032		
		0.051	0.059	0.048	0.052	0.061	0.06	0.057	0.055	0.051	0.054	0.056	0.051		
		0.058	0.044	0.046	0.054	0.062	0.061	0.058	0.057	0.044	0.047	0.052	0.051		
		0.053	0.056	0.045	0.05	0.06	0.062	0.06	0.057	0.051	0.043	0.047	0.053		
		
~End
Copyright © 2004 Molecular Devices. All rights reserved.
