##BLOCKS= 2          																					
Plate:	Plate#1	1.3	PlateFormat	Spectrum	Absorbance	Raw	FALSE	41			350	750	10			1	12	96	1	8	None
Wavelength(nm)	Temperature(¡C)	1	2	3	4	5	6	7	8	9	10	11	12								
350	20.2	0.71075	0.67575	0.10975	0.17575	0.13475	0.21875	0.39975	0.38375	0.39475	0.66775	0.36475	0.51575								
		0.18675	0.14775	0.18375	0.29075	0.23275	0.18475	0.18875	0.38475	0.27475	0.36175	0.76275	0.45275								
		0.25475	0.22675	0.20875	0.24575	0.19375	0.21075	0.22575	0.24275	0.27575	0.19675	0.29975	0.25175								
		0.19075	0.19875	0.26075	0.20775	0.30975	0.24775	0.18675	0.16375	0.17975	0.15375	0.24375	0.13275								
		0.16675	0.15275	0.17775	0.16975	0.13075	0.09275	0.25975	0.16675	0.10975	0.17375	0.18975	0.12475								
		0.17875	0.14475	0.12175	0.16475	0.14775	0.19175	0.16475	0.18475	0.21075	0.14375	0.15975	0.18075								
		0.09775	-0.01725	0.06775	-0.02225	0.02475	0.04975	-0.04025	-0.03925	-0.03825	-0.03525	-0.03325	-0.01425								
		-0.01625	-0.02925	-0.03725	-0.03025	-0.03225	-0.03825	-0.03625	-0.03525	-0.03325	-0.02325	-0.03225	-0.03325								
																					
360	20.2	0.706	0.659	0.114	0.189	0.148	0.248	0.425	0.416	0.431	0.724	0.417	0.57								
		0.221	0.184	0.218	0.333	0.282	0.24	0.245	0.481	0.336	0.42	0.832	0.497								
		0.309	0.275	0.25	0.302	0.236	0.258	0.282	0.302	0.34	0.241	0.355	0.294								
		0.233	0.246	0.325	0.256	0.387	0.313	0.234	0.156	0.168	0.145	0.23	0.127								
		0.159	0.147	0.17	0.165	0.124	0.091	0.248	0.158	0.104	0.168	0.179	0.12								
		0.176	0.138	0.121	0.155	0.142	0.183	0.159	0.175	0.197	0.137	0.128	0.172								
		0.097	-0.013	0.067	-0.024	0.027	0.051	-0.04	-0.039	-0.038	-0.035	-0.032	-0.021								
		-0.019	-0.032	-0.038	-0.032	-0.034	-0.04	-0.037	-0.036	-0.035	-0.024	-0.033	-0.034								
																					
370	20.2	0.71425	0.68125	0.12725	0.21425	0.17025	0.28725	0.47025	0.45625	0.47225	0.79625	0.47625	0.62225								
		0.26725	0.22425	0.27025	0.39025	0.34225	0.30325	0.30725	0.56825	0.39625	0.48025	0.90325	0.54425								
		0.36125	0.32325	0.30125	0.35925	0.28925	0.31725	0.34325	0.36425	0.40925	0.29425	0.41025	0.34025								
		0.28425	0.30125	0.39125	0.31525	0.46825	0.38025	0.29125	0.16125	0.17025	0.14725	0.23225	0.13125								
		0.16225	0.15125	0.17325	0.17125	0.13025	0.09725	0.25225	0.16425	0.10925	0.17325	0.17725	0.12225								
		0.17825	0.14025	0.12425	0.16125	0.14925	0.19325	0.16525	0.18225	0.19725	0.14225	0.12625	0.17625								
		0.09425	-0.01475	0.06625	-0.02275	0.02725	0.05125	-0.03975	-0.03775	-0.03775	-0.03475	-0.03075	-0.02075								
		-0.02475	-0.03375	-0.03875	-0.03475	-0.03675	-0.03775	-0.03575	-0.03675	-0.03775	-0.02475	-0.03275	-0.03675								
																					
380	20.2	0.7385	0.6985	0.1455	0.2485	0.2015	0.3305	0.5215	0.5035	0.5215	0.8685	0.5405	0.6775								
		0.3085	0.2665	0.3145	0.4385	0.3945	0.3495	0.3575	0.6315	0.4425	0.5285	0.9695	0.5885								
		0.4005	0.3615	0.3405	0.4095	0.3315	0.3665	0.3955	0.4205	0.4705	0.3385	0.4615	0.3795								
		0.3245	0.3455	0.4525	0.3655	0.5485	0.4435	0.3385	0.1755	0.1845	0.1585	0.2475	0.1415								
		0.1765	0.1645	0.1905	0.1855	0.1465	0.1115	0.2625	0.1795	0.1215	0.1745	0.1825	0.1225								
		0.1895	0.1525	0.1365	0.1705	0.1635	0.1755	0.1725	0.1985	0.2155	0.1555	0.1365	0.1755								
		0.0915	-0.0175	0.0645	-0.0225	0.0285	0.0525	-0.0385	-0.0355	-0.0365	-0.0345	-0.0305	-0.0215								
		-0.0325	-0.0355	-0.0405	-0.0385	-0.0385	-0.0375	-0.0355	-0.0375	-0.0395	-0.0265	-0.0325	-0.0385								
																					
390	20.2	0.780167	0.687167	0.173167	0.297167	0.237167	0.393167	0.583167	0.552167	0.566167	0.940167	0.604167	0.738167								
		0.352167	0.307167	0.361167	0.487167	0.442167	0.376167	0.391167	0.630167	0.454167	0.536167	0.997167	0.610167								
		0.416167	0.383167	0.369167	0.445167	0.360167	0.399167	0.431167	0.461167	0.514167	0.373167	0.500167	0.410167								
		0.358167	0.383167	0.501167	0.406167	0.604167	0.493167	0.377167	0.202167	0.212167	0.181167	0.272167	0.162167								
		0.204167	0.190167	0.221167	0.215167	0.171167	0.131167	0.291167	0.202167	0.143167	0.193167	0.206167	0.141167								
		0.214167	0.176167	0.157167	0.189167	0.175167	0.196167	0.197167	0.216167	0.232167	0.179167	0.157167	0.197167								
		0.089167	-0.017833	0.063167	-0.021833	0.027167	0.051167	-0.036833	-0.034833	-0.034833	-0.032833	-0.029833	-0.021833								
		-0.032833	-0.034833	-0.038833	-0.036833	-0.037833	-0.036833	-0.033833	-0.037833	-0.038833	-0.025833	-0.031833	-0.037833								
																					
400	20.2	0.823917	0.759917	0.198917	0.335917	0.267917	0.445917	0.631917	0.586917	0.596917	0.979917	0.634917	0.758917								
		0.374917	0.325917	0.382917	0.504917	0.459917	0.372917	0.394917	0.582917	0.433917	0.515917	0.982917	0.599917								
		0.401917	0.376917	0.367917	0.448917	0.362917	0.402917	0.437917	0.467917	0.520917	0.379917	0.509917	0.414917								
		0.364917	0.390917	0.513917	0.415917	0.619917	0.505917	0.387917	0.230917	0.239917	0.206917	0.294917	0.174917								
		0.232917	0.215917	0.249917	0.244917	0.199917	0.152917	0.325917	0.229917	0.163917	0.218917	0.235917	0.161917								
		0.242917	0.201917	0.171917	0.223917	0.204917	0.225917	0.219917	0.247917	0.263917	0.189917	0.177917	0.227917								
		0.087917	-0.017083	0.063917	-0.022083	0.026917	0.051917	-0.037083	-0.034083	-0.035083	-0.033083	-0.029083	-0.023083								
		-0.033083	-0.035083	-0.038083	-0.037083	-0.037083	-0.036083	-0.033083	-0.036083	-0.038083	-0.025083	-0.031083	-0.037083								
																					
410	20.2	0.874667	0.795667	0.223667	0.373667	0.299667	0.492667	0.668667	0.612667	0.614667	1.007667	0.648667	0.767667								
		0.381667	0.329667	0.385667	0.503667	0.455667	0.357667	0.382667	0.535667	0.401667	0.489667	0.950667	0.583667								
		0.376667	0.356667	0.352667	0.431667	0.348667	0.388667	0.423667	0.451667	0.502667	0.366667	0.496667	0.404667								
		0.353667	0.379667	0.499667	0.404667	0.603667	0.492667	0.377667	0.243667	0.275667	0.238667	0.331667	0.202667								
		0.269667	0.248667	0.285667	0.280667	0.231667	0.178667	0.361667	0.261667	0.190667	0.253667	0.268667	0.188667								
		0.275667	0.226667	0.199667	0.246667	0.229667	0.260667	0.255667	0.280667	0.297667	0.219667	0.205667	0.260667								
		0.088667	-0.018333	0.062667	-0.021333	0.026667	0.051667	-0.036333	-0.034333	-0.034333	-0.032333	-0.029333	-0.023333								
		-0.033333	-0.034333	-0.038333	-0.036333	-0.037333	-0.035333	-0.033333	-0.036333	-0.037333	-0.025333	-0.031333	-0.037333								
																					
420	20.2	0.931083	0.819083	0.247083	0.408083	0.322083	0.523083	0.709083	0.633083	0.623083	1.000083	0.642083	0.756083								
		0.369083	0.317083	0.368083	0.487083	0.435083	0.333083	0.359083	0.498083	0.369083	0.453083	0.903083	0.557083								
		0.347083	0.330083	0.327083	0.400083	0.323083	0.360083	0.393083	0.419083	0.467083	0.341083	0.467083	0.380083								
		0.328083	0.352083	0.464083	0.376083	0.561083	0.458083	0.351083	0.282083	0.312083	0.269083	0.375083	0.235083								
		0.304083	0.264083	0.325083	0.321083	0.265083	0.204083	0.408083	0.287083	0.217083	0.290083	0.304083	0.215083								
		0.293083	0.258083	0.226083	0.280083	0.264083	0.295083	0.289083	0.321083	0.340083	0.249083	0.234083	0.296083								
		0.088083	-0.017917	0.063083	-0.020917	0.026083	0.050083	-0.035917	-0.033917	-0.033917	-0.031917	-0.028917	-0.023917								
		-0.032917	-0.033917	-0.036917	-0.034917	-0.035917	-0.034917	-0.032917	-0.034917	-0.036917	-0.024917	-0.029917	-0.035917								
																					
430	20.2	0.950667	0.844667	0.257667	0.423667	0.331667	0.539667	0.717667	0.628667	0.611667	0.983667	0.621667	0.734667								
		0.351667	0.299667	0.348667	0.462667	0.410667	0.312667	0.337667	0.472667	0.344667	0.430667	0.865667	0.532667								
		0.322667	0.305667	0.302667	0.371667	0.298667	0.332667	0.363667	0.388667	0.432667	0.315667	0.437667	0.356667								
		0.302667	0.325667	0.430667	0.347667	0.520667	0.424667	0.324667	0.299667	0.338667	0.290667	0.403667	0.250667								
		0.328667	0.297667	0.351667	0.355667	0.287667	0.222667	0.436667	0.312667	0.237667	0.314667	0.330667	0.232667								
		0.318667	0.276667	0.245667	0.302667	0.282667	0.319667	0.312667	0.344667	0.364667	0.269667	0.255667	0.318667								
		0.088667	-0.018333	0.062667	-0.021333	0.024667	0.049667	-0.035333	-0.033333	-0.033333	-0.031333	-0.028333	-0.024333								
		-0.032333	-0.033333	-0.036333	-0.035333	-0.035333	-0.034333	-0.032333	-0.034333	-0.036333	-0.024333	-0.030333	-0.035333								
																					
440	20.2	0.98475	0.86975	0.26575	0.42975	0.33075	0.54075	0.71775	0.62375	0.60375	0.95775	0.60175	0.71475								
		0.33275	0.28175	0.32775	0.43875	0.38575	0.29475	0.31775	0.45775	0.32675	0.40975	0.83875	0.51475								
		0.30375	0.28675	0.28375	0.34675	0.27975	0.31075	0.33975	0.36175	0.40375	0.29375	0.41275	0.33675								
		0.28275	0.30275	0.40075	0.32275	0.48575	0.39475	0.30075	0.32575	0.36175	0.31175	0.42875	0.28075								
		0.35375	0.31175	0.37775	0.37475	0.31175	0.24075	0.46075	0.33675	0.24375	0.33575	0.35475	0.25075								
		0.34075	0.29575	0.26375	0.32575	0.30275	0.34075	0.33575	0.36975	0.39175	0.28975	0.27675	0.34575								
		0.08775	-0.01725	0.06175	-0.02125	0.02475	0.04975	-0.03525	-0.03325	-0.03325	-0.03125	-0.02825	-0.02425								
		-0.03225	-0.03325	-0.03625	-0.03525	-0.03625	-0.03425	-0.03225	-0.03525	-0.03625	-0.02525	-0.03025	-0.03525								
																					
450	20.2	1.001083	0.862083	0.267083	0.421083	0.324083	0.522083	0.694083	0.604083	0.584083	0.930083	0.580083	0.690083								
		0.316083	0.267083	0.310083	0.421083	0.370083	0.286083	0.306083	0.455083	0.319083	0.401083	0.821083	0.504083								
		0.296083	0.278083	0.273083	0.332083	0.268083	0.298083	0.325083	0.347083	0.387083	0.282083	0.397083	0.325083								
		0.270083	0.290083	0.382083	0.309083	0.463083	0.376083	0.288083	0.342083	0.384083	0.329083	0.449083	0.285083								
		0.374083	0.332083	0.400083	0.399083	0.334083	0.253083	0.487083	0.353083	0.260083	0.351083	0.374083	0.264083								
		0.357083	0.311083	0.279083	0.341083	0.320083	0.363083	0.352083	0.387083	0.411083	0.304083	0.289083	0.358083								
		0.087083	-0.017917	0.062083	-0.020917	0.024083	0.049083	-0.034917	-0.032917	-0.032917	-0.030917	-0.027917	-0.023917								
		-0.032917	-0.032917	-0.035917	-0.034917	-0.034917	-0.033917	-0.031917	-0.033917	-0.035917	-0.024917	-0.029917	-0.034917								
																					
460	20.2	1.023333	0.895333	0.260333	0.403333	0.302333	0.481333	0.657333	0.576333	0.562333	0.889333	0.554333	0.672333								
		0.295333	0.248333	0.290333	0.402333	0.349333	0.275333	0.292333	0.458333	0.315333	0.393333	0.812333	0.495333								
		0.289333	0.268333	0.261333	0.318333	0.255333	0.284333	0.309333	0.330333	0.370333	0.269333	0.381333	0.312333								
		0.256333	0.275333	0.363333	0.292333	0.440333	0.357333	0.272333	0.356333	0.421333	0.344333	0.462333	0.306333								
		0.387333	0.345333	0.421333	0.415333	0.353333	0.267333	0.502333	0.372333	0.272333	0.368333	0.387333	0.277333								
		0.368333	0.324333	0.291333	0.355333	0.332333	0.372333	0.370333	0.405333	0.422333	0.317333	0.303333	0.375333								
		0.087333	-0.018667	0.061333	-0.020667	0.024333	0.048333	-0.034667	-0.032667	-0.032667	-0.030667	-0.027667	-0.023667								
		-0.031667	-0.032667	-0.035667	-0.033667	-0.034667	-0.033667	-0.031667	-0.033667	-0.035667	-0.024667	-0.029667	-0.034667								
																					
470	20.2	1.023917	0.898917	0.249917	0.377917	0.267917	0.431917	0.597917	0.533917	0.523917	0.825917	0.513917	0.637917								
		0.266917	0.223917	0.261917	0.375917	0.322917	0.261917	0.274917	0.464917	0.308917	0.389917	0.793917	0.484917								
		0.281917	0.256917	0.246917	0.299917	0.240917	0.265917	0.289917	0.310917	0.350917	0.251917	0.365917	0.295917								
		0.238917	0.255917	0.336917	0.270917	0.411917	0.331917	0.251917	0.374917	0.419917	0.357917	0.481917	0.313917								
		0.405917	0.361917	0.436917	0.435917	0.377917	0.282917	0.530917	0.393917	0.287917	0.385917	0.406917	0.290917								
		0.384917	0.338917	0.305917	0.372917	0.346917	0.388917	0.388917	0.420917	0.444917	0.329917	0.306917	0.395917								
		0.086917	-0.017083	0.060917	-0.021083	0.023917	0.047917	-0.035083	-0.033083	-0.032083	-0.030083	-0.027083	-0.024083								
		-0.032083	-0.032083	-0.035083	-0.033083	-0.034083	-0.033083	-0.031083	-0.033083	-0.034083	-0.024083	-0.029083	-0.034083								
																					
480	20.2	1.026583	0.891583	0.236583	0.333583	0.226583	0.354583	0.522583	0.470583	0.471583	0.753583	0.457583	0.586583								
		0.229583	0.190583	0.223583	0.334583	0.287583	0.245583	0.251583	0.468583	0.303583	0.379583	0.770583	0.464583								
		0.272583	0.242583	0.228583	0.274583	0.220583	0.243583	0.265583	0.282583	0.317583	0.228583	0.334583	0.274583								
		0.216583	0.230583	0.304583	0.243583	0.368583	0.298583	0.225583	0.391583	0.434583	0.376583	0.492583	0.335583								
		0.420583	0.378583	0.445583	0.456583	0.397583	0.303583	0.535583	0.413583	0.305583	0.395583	0.417583	0.308583								
		0.396583	0.358583	0.323583	0.385583	0.363583	0.394583	0.404583	0.429583	0.456583	0.347583	0.315583	0.406583								
		0.086583	-0.018417	0.060583	-0.020417	0.022583	0.047583	-0.034417	-0.032417	-0.031417	-0.030417	-0.026417	-0.023417								
		-0.031417	-0.032417	-0.034417	-0.033417	-0.034417	-0.032417	-0.031417	-0.032417	-0.034417	-0.023417	-0.028417	-0.033417								
																					
490	20.2	1.04	0.899	0.226	0.299	0.189	0.285	0.445	0.413	0.422	0.681	0.403	0.539								
		0.195	0.161	0.191	0.303	0.258	0.237	0.236	0.493	0.309	0.385	0.761	0.456								
		0.272	0.237	0.216	0.258	0.207	0.227	0.247	0.263	0.296	0.209	0.313	0.257								
		0.199	0.212	0.278	0.222	0.337	0.272	0.205	0.407	0.46	0.392	0.492	0.351								
		0.434	0.391	0.459	0.466	0.418	0.325	0.542	0.422	0.329	0.408	0.425	0.323								
		0.413	0.377	0.343	0.399	0.379	0.405	0.42	0.444	0.467	0.365	0.323	0.426								
		0.087	-0.017	0.06	-0.021	0.023	0.048	-0.035	-0.032	-0.032	-0.03	-0.027	-0.024								
		-0.032	-0.033	-0.035	-0.034	-0.034	-0.033	-0.031	-0.033	-0.035	-0.024	-0.029	-0.034								
																					
500	20.3	1.050917	0.891917	0.218917	0.266917	0.153917	0.220917	0.380917	0.365917	0.383917	0.620917	0.361917	0.505917								
		0.166917	0.136917	0.164917	0.280917	0.237917	0.241917	0.232917	0.550917	0.336917	0.406917	0.783917	0.461917								
		0.291917	0.245917	0.217917	0.255917	0.205917	0.223917	0.242917	0.257917	0.290917	0.203917	0.304917	0.249917								
		0.191917	0.203917	0.265917	0.211917	0.321917	0.258917	0.194917	0.424917	0.457917	0.406917	0.508917	0.368917								
		0.443917	0.404917	0.475917	0.479917	0.435917	0.345917	0.544917	0.445917	0.354917	0.420917	0.442917	0.338917								
		0.424917	0.394917	0.360917	0.411917	0.393917	0.416917	0.429917	0.455917	0.479917	0.378917	0.325917	0.434917								
		0.085917	-0.018083	0.059917	-0.020083	0.022917	0.046917	-0.034083	-0.032083	-0.031083	-0.030083	-0.027083	-0.023083								
		-0.031083	-0.032083	-0.034083	-0.033083	-0.033083	-0.032083	-0.031083	-0.032083	-0.034083	-0.024083	-0.028083	-0.033083								
																					
510	20.3	1.059833	0.901833	0.216833	0.243833	0.125833	0.168833	0.331833	0.329833	0.356833	0.583833	0.337833	0.485833								
		0.152833	0.126833	0.154833	0.278833	0.241833	0.270833	0.251833	0.654833	0.395833	0.465833	0.836833	0.488833								
		0.337833	0.277833	0.239833	0.277833	0.224833	0.240833	0.261833	0.276833	0.312833	0.214833	0.316833	0.259833								
		0.204833	0.215833	0.279833	0.221833	0.336833	0.270833	0.203833	0.437833	0.469833	0.420833	0.519833	0.382833								
		0.451833	0.418833	0.481833	0.488833	0.442833	0.361833	0.549833	0.454833	0.373833	0.430833	0.456833	0.352833								
		0.438833	0.410833	0.374833	0.427833	0.406833	0.422833	0.443833	0.460833	0.492833	0.393833	0.328833	0.452833								
		0.085833	-0.018167	0.059833	-0.019167	0.021833	0.045833	-0.034167	-0.031167	-0.031167	-0.030167	-0.026167	-0.023167								
		-0.031167	-0.032167	-0.034167	-0.032167	-0.033167	-0.032167	-0.030167	-0.032167	-0.034167	-0.023167	-0.028167	-0.033167								
																					
520	20.3	1.052333	0.905333	0.211333	0.226333	0.105333	0.134333	0.293333	0.306333	0.343333	0.566333	0.332333	0.486333								
		0.153333	0.130333	0.161333	0.293333	0.261333	0.319333	0.292333	0.784333	0.480333	0.542333	0.923333	0.534333								
		0.405333	0.331333	0.280333	0.321333	0.260333	0.278333	0.300333	0.318333	0.360333	0.245333	0.350333	0.287333								
		0.233333	0.246333	0.315333	0.251333	0.379333	0.304333	0.230333	0.443333	0.469333	0.423333	0.514333	0.388333								
		0.452333	0.419333	0.481333	0.486333	0.431333	0.369333	0.545333	0.460333	0.380333	0.431333	0.451333	0.357333								
		0.446333	0.416333	0.382333	0.423333	0.408333	0.423333	0.446333	0.466333	0.490333	0.398333	0.322333	0.447333								
		0.086333	-0.017667	0.060333	-0.019667	0.021333	0.045333	-0.033667	-0.031667	-0.030667	-0.029667	-0.026667	-0.023667								
		-0.031667	-0.032667	-0.034667	-0.032667	-0.033667	-0.032667	-0.030667	-0.032667	-0.034667	-0.023667	-0.028667	-0.033667								
																					
530	20.3	1.021667	0.871667	0.201667	0.206667	0.089667	0.108667	0.271667	0.296667	0.342667	0.577667	0.343667	0.496667								
		0.169667	0.148667	0.184667	0.328667	0.303667	0.390667	0.353667	0.954667	0.593667	0.652667	1.041667	0.600667								
		0.498667	0.406667	0.341667	0.387667	0.316667	0.337667	0.363667	0.381667	0.433667	0.294667	0.402667	0.331667								
		0.281667	0.295667	0.376667	0.300667	0.450667	0.362667	0.275667	0.426667	0.445667	0.406667	0.494667	0.373667								
		0.434667	0.402667	0.457667	0.471667	0.413667	0.357667	0.523667	0.447667	0.358667	0.410667	0.432667	0.344667								
		0.425667	0.400667	0.367667	0.406667	0.391667	0.403667	0.420667	0.441667	0.466667	0.382667	0.309667	0.427667								
		0.086667	-0.018333	0.060667	-0.019333	0.020667	0.044667	-0.033333	-0.031333	-0.031333	-0.029333	-0.026333	-0.023333								
		-0.031333	-0.032333	-0.034333	-0.033333	-0.034333	-0.033333	-0.031333	-0.032333	-0.034333	-0.024333	-0.028333	-0.033333								
																					
540	20.3	0.973083	0.845083	0.183083	0.183083	0.075083	0.088083	0.253083	0.294083	0.354083	0.604083	0.374083	0.531083								
		0.199083	0.180083	0.223083	0.379083	0.368083	0.501083	0.450083	1.220083	0.768083	0.832083	1.225083	0.704083								
		0.642083	0.522083	0.437083	0.492083	0.402083	0.428083	0.460083	0.483083	0.547083	0.368083	0.486083	0.399083								
		0.355083	0.373083	0.471083	0.377083	0.560083	0.452083	0.345083	0.396083	0.415083	0.380083	0.456083	0.348083								
		0.403083	0.373083	0.425083	0.450083	0.387083	0.336083	0.488083	0.412083	0.330083	0.382083	0.403083	0.320083								
		0.393083	0.374083	0.342083	0.378083	0.368083	0.378083	0.394083	0.411083	0.433083	0.354083	0.288083	0.398083								
		0.086083	-0.016917	0.060083	-0.019917	0.021083	0.045083	-0.033917	-0.031917	-0.030917	-0.028917	-0.025917	-0.023917								
		-0.031917	-0.031917	-0.033917	-0.032917	-0.033917	-0.031917	-0.030917	-0.032917	-0.033917	-0.023917	-0.028917	-0.032917								
																					
550	20.3	0.939083	0.820083	0.172083	0.172083	0.067083	0.077083	0.247083	0.299083	0.366083	0.642083	0.407083	0.566083								
		0.232083	0.213083	0.266083	0.437083	0.435083	0.604083	0.540083	1.459083	0.933083	0.985083	1.396083	0.801083								
		0.780083	0.634083	0.527083	0.593083	0.485083	0.513083	0.552083	0.582083	0.660083	0.442083	0.567083	0.466083								
		0.427083	0.448083	0.564083	0.452083	0.676083	0.542083	0.415083	0.372083	0.389083	0.358083	0.432083	0.329083								
		0.381083	0.353083	0.401083	0.411083	0.363083	0.316083	0.459083	0.391083	0.312083	0.363083	0.378083	0.302083								
		0.369083	0.354083	0.324083	0.358083	0.344083	0.356083	0.377083	0.386083	0.411083	0.336083	0.268083	0.375083								
		0.085083	-0.017917	0.059083	-0.018917	0.020083	0.044083	-0.032917	-0.030917	-0.029917	-0.028917	-0.025917	-0.022917								
		-0.030917	-0.030917	-0.032917	-0.031917	-0.031917	-0.031917	-0.029917	-0.031917	-0.032917	-0.022917	-0.027917	-0.031917								
																					
560	20.3	0.880333	0.751333	0.146333	0.146333	0.055333	0.065333	0.243333	0.312333	0.392333	0.692333	0.453333	0.622333								
		0.273333	0.252333	0.311333	0.487333	0.487333	0.642333	0.580333	1.476333	0.963333	1.016333	1.452333	0.841333								
		0.814333	0.670333	0.567333	0.650333	0.529333	0.563333	0.608333	0.643333	0.725333	0.492333	0.623333	0.511333								
		0.475333	0.501333	0.633333	0.509333	0.761333	0.610333	0.468333	0.328333	0.340333	0.313333	0.381333	0.285333								
		0.329333	0.306333	0.354333	0.360333	0.314333	0.276333	0.401333	0.342333	0.271333	0.317333	0.332333	0.261333								
		0.325333	0.308333	0.281333	0.313333	0.302333	0.310333	0.325333	0.342333	0.360333	0.293333	0.239333	0.327333								
		0.085333	-0.018667	0.059333	-0.019667	0.020333	0.043333	-0.032667	-0.030667	-0.030667	-0.028667	-0.024667	-0.022667								
		-0.031667	-0.031667	-0.033667	-0.032667	-0.032667	-0.031667	-0.030667	-0.031667	-0.033667	-0.023667	-0.028667	-0.032667								
																					
570	20.3	0.755083	0.673083	0.095083	0.096083	0.035083	0.046083	0.237083	0.326083	0.420083	0.749083	0.506083	0.666083								
		0.316083	0.290083	0.354083	0.519083	0.507083	0.573083	0.545083	1.185083	0.811083	0.874083	1.338083	0.796083								
		0.702083	0.603083	0.538083	0.629083	0.514083	0.557083	0.603083	0.637083	0.716083	0.500083	0.639083	0.520083								
		0.483083	0.514083	0.658083	0.531083	0.794083	0.639083	0.491083	0.230083	0.242083	0.220083	0.277083	0.196083								
		0.234083	0.215083	0.254083	0.253083	0.216083	0.187083	0.300083	0.247083	0.183083	0.222083	0.236083	0.178083								
		0.226083	0.210083	0.190083	0.220083	0.211083	0.233083	0.229083	0.242083	0.256083	0.201083	0.177083	0.228083								
		0.085083	-0.017917	0.059083	-0.018917	0.020083	0.044083	-0.032917	-0.030917	-0.030917	-0.028917	-0.024917	-0.022917								
		-0.030917	-0.031917	-0.033917	-0.032917	-0.032917	-0.031917	-0.030917	-0.031917	-0.033917	-0.023917	-0.028917	-0.032917								
																					
580	20.3	0.619417	0.580417	0.040417	0.043417	0.014417	0.027417	0.230417	0.340417	0.445417	0.803417	0.558417	0.719417								
		0.359417	0.329417	0.397417	0.554417	0.532417	0.520417	0.519417	0.936417	0.682417	0.759417	1.246417	0.762417								
		0.612417	0.552417	0.519417	0.620417	0.507417	0.557417	0.606417	0.643417	0.722417	0.513417	0.659417	0.533417								
		0.496417	0.532417	0.688417	0.558417	0.832417	0.674417	0.520417	0.127417	0.138417	0.122417	0.172417	0.100417								
		0.131417	0.119417	0.147417	0.144417	0.114417	0.090417	0.198417	0.143417	0.089417	0.127417	0.138417	0.090417								
		0.120417	0.109417	0.094417	0.123417	0.113417	0.132417	0.129417	0.138417	0.150417	0.105417	0.110417	0.127417								
		0.085417	-0.017583	0.058417	-0.019583	0.020417	0.043417	-0.032583	-0.030583	-0.030583	-0.028583	-0.024583	-0.023583								
		-0.030583	-0.031583	-0.033583	-0.031583	-0.032583	-0.031583	-0.030583	-0.031583	-0.033583	-0.023583	-0.027583	-0.032583								
																					
590	20.3	0.5245	0.4825	0.0035	0.0065	-0.0005	0.0145	0.2295	0.3595	0.4795	0.8745	0.6185	0.7795								
		0.4095	0.3765	0.4515	0.6065	0.5795	0.5185	0.5355	0.8265	0.6415	0.7225	1.2375	0.7715								
		0.5905	0.5535	0.5385	0.6515	0.5335	0.5915	0.6445	0.6885	0.7675	0.5535	0.7105	0.5695								
		0.5345	0.5765	0.7535	0.6095	0.9075	0.7395	0.5695	0.0535	0.0615	0.0505	0.0895	0.0315								
		0.0545	0.0485	0.0685	0.0655	0.0405	0.0235	0.1245	0.0665	0.0245	0.0545	0.0635	0.0245								
		0.0455	0.0375	0.0265	0.0505	0.0465	0.0645	0.0595	0.0635	0.0745	0.0375	0.0635	0.0515								
		0.0845	-0.0175	0.0585	-0.0195	0.0205	0.0435	-0.0325	-0.0305	-0.0305	-0.0285	-0.0245	-0.0235								
		-0.0305	-0.0315	-0.0335	-0.0325	-0.0325	-0.0325	-0.0305	-0.0315	-0.0335	-0.0235	-0.0285	-0.0325								
																					
600	20.3	0.477583	0.480583	-0.012417	-0.008417	-0.004417	0.011583	0.226583	0.375583	0.509583	0.947583	0.678583	0.838583								
		0.460583	0.425583	0.507583	0.663583	0.637583	0.550583	0.576583	0.821583	0.660583	0.747583	1.284583	0.807583								
		0.615583	0.585583	0.578583	0.704583	0.575583	0.641583	0.699583	0.746583	0.830583	0.602583	0.768583	0.615583								
		0.582583	0.628583	0.824583	0.668583	0.993583	0.810583	0.623583	0.019583	0.023583	0.016583	0.050583	0.000583								
		0.020583	0.015583	0.035583	0.026583	0.007583	-0.005417	0.079583	0.032583	-0.003417	0.021583	0.024583	-0.002417								
		0.011583	0.004583	-0.003417	0.014583	0.012583	0.031583	0.022583	0.025583	0.033583	0.005583	0.037583	0.017583								
		0.085583	-0.017417	0.058583	-0.019417	0.019583	0.043583	-0.032417	-0.030417	-0.030417	-0.028417	-0.025417	-0.023417								
		-0.031417	-0.032417	-0.033417	-0.032417	-0.033417	-0.032417	-0.030417	-0.032417	-0.033417	-0.024417	-0.028417	-0.033417								
																					
610	20.4	0.460833	0.462833	-0.017167	-0.013167	-0.006167	0.011833	0.231833	0.390833	0.536833	0.994833	0.727833	0.888833								
		0.499833	0.459833	0.548833	0.706833	0.678833	0.578833	0.609833	0.837833	0.683833	0.770833	1.323833	0.832833								
		0.638833	0.612833	0.606833	0.741833	0.605833	0.675833	0.734833	0.785833	0.876833	0.634833	0.804833	0.644833								
		0.614833	0.663833	0.869833	0.704833	1.048833	0.856833	0.658833	0.002833	0.005833	0.001833	0.029833	-0.011167								
		0.005833	0.000833	0.013833	0.008833	-0.006167	-0.017167	0.055833	0.013833	-0.014167	0.004833	0.009833	-0.012167								
		-0.001167	-0.007167	-0.014167	-0.000167	-0.002167	0.015833	0.004833	0.011833	0.013833	-0.007167	0.023833	0.003833								
		0.084833	-0.016167	0.057833	-0.020167	0.019833	0.042833	-0.033167	-0.030167	-0.030167	-0.028167	-0.024167	-0.023167								
		-0.031167	-0.032167	-0.033167	-0.032167	-0.033167	-0.032167	-0.031167	-0.032167	-0.034167	-0.024167	-0.029167	-0.033167								
																					
620	20.3	0.449667	0.457667	-0.019333	-0.014333	-0.007333	0.011667	0.232667	0.395667	0.542667	1.009667	0.740667	0.899667								
		0.507667	0.466667	0.554667	0.712667	0.685667	0.573667	0.606667	0.818667	0.672667	0.755667	1.306667	0.822667								
		0.627667	0.601667	0.597667	0.734667	0.596667	0.669667	0.728667	0.775667	0.863667	0.630667	0.795667	0.640667								
		0.605667	0.658667	0.858667	0.699667	1.035667	0.844667	0.653667	-0.005333	-0.003333	-0.005333	0.019667	-0.016333								
		-0.003333	-0.006333	0.001667	-0.000333	-0.013333	-0.020333	0.036667	0.003667	-0.018333	-0.003333	0.000667	-0.017333								
		-0.008333	-0.012333	-0.018333	-0.007333	-0.007333	0.005667	-0.003333	0.002667	0.004667	-0.012333	0.013667	-0.004333								
		0.084667	-0.017333	0.056667	-0.019333	0.019667	0.042667	-0.032333	-0.030333	-0.029333	-0.028333	-0.024333	-0.022333								
		-0.031333	-0.031333	-0.033333	-0.032333	-0.033333	-0.032333	-0.030333	-0.031333	-0.033333	-0.024333	-0.028333	-0.032333								
																					
630	20.4	0.441833	0.452833	-0.020167	-0.016167	-0.007167	0.008833	0.231833	0.381833	0.516833	0.953833	0.692833	0.846833								
		0.460833	0.421833	0.501833	0.651833	0.617833	0.510833	0.541833	0.734833	0.590833	0.682833	1.201833	0.755833								
		0.553833	0.531833	0.527833	0.645833	0.526833	0.588833	0.642833	0.686833	0.762833	0.553833	0.712833	0.569833								
		0.534833	0.578833	0.760833	0.614833	0.918833	0.748833	0.574833	-0.010167	-0.009167	-0.010167	0.010833	-0.019167								
		-0.008167	-0.009167	-0.004167	-0.008167	-0.015167	-0.022167	0.026833	-0.004167	-0.021167	-0.008167	-0.005167	-0.019167								
		-0.011167	-0.015167	-0.020167	-0.011167	-0.012167	0.003833	-0.007167	-0.003167	-0.000167	-0.015167	0.007833	-0.009167								
		0.083833	-0.018167	0.058833	-0.019167	0.018833	0.041833	-0.032167	-0.030167	-0.029167	-0.028167	-0.024167	-0.022167								
		-0.032167	-0.032167	-0.033167	-0.032167	-0.033167	-0.032167	-0.031167	-0.032167	-0.033167	-0.024167	-0.028167	-0.033167								
																					
640	20.4	0.43925	0.44925	-0.02075	-0.01675	-0.00975	0.00225	0.22025	0.34725	0.46025	0.83925	0.58225	0.74125								
		0.36925	0.33025	0.39525	0.53225	0.49225	0.39725	0.42325	0.58625	0.45825	0.53725	1.02225	0.63825								
		0.42925	0.41125	0.40825	0.50025	0.40725	0.45625	0.49725	0.52925	0.59225	0.43225	0.56825	0.45625								
		0.41425	0.44825	0.58725	0.47625	0.71725	0.57825	0.44525	-0.01275	-0.01175	-0.01175	0.00725	-0.02075								
		-0.01075	-0.01175	-0.00775	-0.01075	-0.01675	-0.02275	0.02325	-0.00375	-0.02075	-0.01075	-0.00875	-0.02075								
		-0.01275	-0.01675	-0.02075	-0.01375	-0.01475	-0.00075	-0.01075	-0.00675	-0.00375	-0.01675	0.00325	-0.01175								
		0.08325	-0.01575	0.05725	-0.01875	0.01925	0.04125	-0.03175	-0.03075	-0.02875	-0.02875	-0.02375	-0.02275								
		-0.03075	-0.03175	-0.03275	-0.03175	-0.03275	-0.03175	-0.02975	-0.03175	-0.03275	-0.02375	-0.02775	-0.03275								
																					
650	20.4	0.437833	0.425833	-0.021167	-0.019167	-0.013167	-0.004167	0.208833	0.308833	0.392833	0.703833	0.457833	0.615833								
		0.258833	0.225833	0.271833	0.394833	0.345833	0.268833	0.287833	0.426833	0.310833	0.386833	0.817833	0.506833								
		0.288833	0.277833	0.274833	0.339833	0.273833	0.307833	0.337833	0.359833	0.403833	0.292833	0.410833	0.329833								
		0.279833	0.302833	0.400833	0.322833	0.488833	0.394833	0.301833	-0.014167	-0.014167	-0.013167	0.002833	-0.021167								
		-0.012167	-0.012167	-0.009167	-0.013167	-0.019167	-0.022167	0.012833	-0.006167	-0.021167	-0.013167	-0.010167	-0.021167								
		-0.015167	-0.017167	-0.021167	-0.015167	-0.015167	-0.004167	-0.012167	-0.009167	-0.007167	-0.018167	-0.001167	-0.013167								
		0.083833	-0.017167	0.056833	-0.018167	0.017833	0.041833	-0.032167	-0.030167	-0.029167	-0.027167	-0.024167	-0.022167								
		-0.030167	-0.031167	-0.032167	-0.031167	-0.032167	-0.032167	-0.030167	-0.031167	-0.032167	-0.023167	-0.028167	-0.032167								
																					
660	20.4	0.4355	0.4475	-0.0235	-0.0215	-0.0165	-0.0115	0.1945	0.2675	0.3275	0.5615	0.3395	0.4925								
		0.1565	0.1285	0.1565	0.2685	0.2135	0.1535	0.1655	0.2825	0.1785	0.2525	0.6325	0.3915								
		0.1655	0.1565	0.1565	0.1955	0.1545	0.1745	0.1935	0.2075	0.2345	0.1705	0.2705	0.2175								
		0.1585	0.1715	0.2325	0.1835	0.2865	0.2285	0.1705	-0.0175	-0.0165	-0.0145	-0.0005	-0.0225								
		-0.0145	-0.0145	-0.0115	-0.0155	-0.0205	-0.0235	0.0075	-0.0095	-0.0225	-0.0155	-0.0125	-0.0225								
		-0.0165	-0.0185	-0.0225	-0.0165	-0.0175	-0.0065	-0.0145	-0.0115	-0.0105	-0.0205	-0.0065	-0.0155								
		0.0845	-0.0175	0.0575	-0.0185	0.0185	0.0415	-0.0325	-0.0305	-0.0295	-0.0275	-0.0235	-0.0225								
		-0.0315	-0.0315	-0.0335	-0.0325	-0.0325	-0.0325	-0.0305	-0.0315	-0.0335	-0.0245	-0.0285	-0.0325								
																					
670	20.4	0.435167	0.444167	-0.021833	-0.021833	-0.016833	-0.015833	0.187167	0.242167	0.286167	0.476167	0.262167	0.418167								
		0.089167	0.065167	0.080167	0.185167	0.125167	0.078167	0.084167	0.189167	0.092167	0.166167	0.511167	0.316167								
		0.085167	0.079167	0.077167	0.100167	0.076167	0.090167	0.098167	0.108167	0.124167	0.088167	0.180167	0.144167								
		0.080167	0.087167	0.122167	0.094167	0.153167	0.119167	0.087167	-0.016833	-0.015833	-0.013833	-0.001833	-0.021833								
		-0.014833	-0.013833	-0.012833	-0.015833	-0.019833	-0.022833	0.005167	-0.010833	-0.021833	-0.014833	-0.012833	-0.021833								
		-0.016833	-0.018833	-0.022833	-0.016833	-0.017833	-0.003833	-0.015833	-0.011833	-0.010833	-0.019833	-0.006833	-0.015833								
		0.084167	-0.016833	0.057167	-0.017833	0.017167	0.040167	-0.031833	-0.029833	-0.028833	-0.027833	-0.023833	-0.021833								
		-0.030833	-0.031833	-0.032833	-0.031833	-0.032833	-0.031833	-0.030833	-0.030833	-0.032833	-0.024833	-0.027833	-0.031833								
																					
680	20.4	0.435	0.417	-0.023	-0.022	-0.019	-0.018	0.182	0.226	0.258	0.408	0.209	0.359								
		0.044	0.022	0.029	0.129	0.068	0.027	0.031	0.126	0.033	0.105	0.43	0.266								
		0.03	0.026	0.025	0.036	0.025	0.031	0.038	0.041	0.049	0.036	0.116	0.095								
		0.027	0.03	0.048	0.033	0.064	0.047	0.03	-0.019	-0.018	-0.016	-0.005	-0.024								
		-0.017	-0.015	-0.014	-0.018	-0.02	-0.024	0.004	-0.012	-0.024	-0.016	-0.015	-0.023								
		-0.017	-0.02	-0.023	-0.019	-0.019	-0.007	-0.016	-0.014	-0.011	-0.021	-0.009	-0.017								
		0.083	-0.016	0.057	-0.018	0.018	0.041	-0.032	-0.03	-0.029	-0.028	-0.024	-0.022								
		-0.031	-0.032	-0.033	-0.032	-0.033	-0.032	-0.031	-0.032	-0.033	-0.025	-0.029	-0.032								
																					
690	20.4	0.4335	0.4655	-0.0245	-0.0235	-0.0215	-0.0215	0.1755	0.2155	0.2405	0.3865	0.1815	0.3375								
		0.0205	-0.0005	0.0035	0.0995	0.0365	0.0015	0.0035	0.0955	0.0045	0.0755	0.3925	0.2415								
		0.0025	-0.0005	-0.0015	0.0035	-0.0005	0.0025	0.0065	0.0075	0.0115	0.0095	0.0865	0.0705								
		0.0005	0.0005	0.0105	0.0015	0.0185	0.0095	0.0005	-0.0195	-0.0185	-0.0165	-0.0065	-0.0235								
		-0.0185	-0.0165	-0.0155	-0.0195	-0.0215	-0.0255	0.0025	-0.0155	-0.0235	-0.0185	-0.0165	-0.0245								
		-0.0175	-0.0195	-0.0235	-0.0195	-0.0195	-0.0125	-0.0165	-0.0145	-0.0125	-0.0205	-0.0095	-0.0175								
		0.0835	-0.0165	0.0565	-0.0185	0.0175	0.0405	-0.0315	-0.0305	-0.0285	-0.0275	-0.0235	-0.0215								
		-0.0325	-0.0325	-0.0335	-0.0325	-0.0335	-0.0335	-0.0315	-0.0325	-0.0345	-0.0245	-0.0295	-0.0335								
																					
700	20.4	0.433	0.443	-0.024	-0.024	-0.02	-0.022	0.174	0.211	0.233	0.367	0.167	0.323								
		0.008	-0.012	-0.011	0.083	0.02	-0.013	-0.011	0.078	-0.011	0.061	0.369	0.227								
		-0.013	-0.015	-0.016	-0.014	-0.017	-0.014	-0.012	-0.011	-0.009	-0.008	0.07	0.056								
		-0.014	-0.015	-0.011	-0.016	-0.007	-0.011	-0.015	-0.02	-0.019	-0.017	-0.008	-0.023								
		-0.018	-0.016	-0.016	-0.019	-0.022	-0.025	0.001	-0.016	-0.021	-0.018	-0.016	-0.023								
		-0.019	-0.021	-0.024	-0.02	-0.02	-0.014	-0.018	-0.015	-0.014	-0.021	-0.01	-0.018								
		0.084	-0.017	0.057	-0.019	0.018	0.04	-0.031	-0.03	-0.029	-0.028	-0.023	-0.022								
		-0.032	-0.033	-0.034	-0.033	-0.034	-0.033	-0.032	-0.032	-0.034	-0.025	-0.03	-0.033								
																					
710	20.4	0.434583	0.442583	-0.023417	-0.023417	-0.020417	-0.021417	0.174583	0.207583	0.229583	0.357583	0.160583	0.311583								
		0.000583	-0.018417	-0.018417	0.075583	0.011583	-0.020417	-0.018417	0.070583	-0.019417	0.052583	0.358583	0.220583								
		-0.019417	-0.021417	-0.022417	-0.022417	-0.022417	-0.021417	-0.020417	-0.019417	-0.018417	-0.013417	0.061583	0.050583								
		-0.021417	-0.022417	-0.021417	-0.022417	-0.019417	-0.020417	-0.022417	-0.020417	-0.019417	-0.017417	-0.008417	-0.024417								
		-0.017417	-0.015417	-0.015417	-0.019417	-0.022417	-0.024417	-0.003417	-0.014417	-0.023417	-0.018417	-0.016417	-0.023417								
		-0.018417	-0.020417	-0.023417	-0.020417	-0.020417	-0.013417	-0.018417	-0.015417	-0.013417	-0.021417	-0.011417	-0.018417								
		0.083583	-0.017417	0.056583	-0.018417	0.017583	0.040583	-0.031417	-0.029417	-0.028417	-0.027417	-0.023417	-0.022417								
		-0.031417	-0.032417	-0.032417	-0.032417	-0.033417	-0.032417	-0.030417	-0.032417	-0.033417	-0.024417	-0.029417	-0.033417								
																					
720	20.5	0.433583	0.445583	-0.024417	-0.024417	-0.022417	-0.022417	0.172583	0.203583	0.227583	0.356583	0.156583	0.307583								
		-0.002417	-0.021417	-0.022417	0.070583	0.007583	-0.023417	-0.021417	0.066583	-0.023417	0.048583	0.354583	0.217583								
		-0.023417	-0.025417	-0.026417	-0.027417	-0.026417	-0.026417	-0.025417	-0.025417	-0.024417	-0.017417	0.057583	0.046583								
		-0.024417	-0.026417	-0.025417	-0.026417	-0.024417	-0.024417	-0.025417	-0.020417	-0.020417	-0.018417	-0.009417	-0.024417								
		-0.019417	-0.017417	-0.017417	-0.021417	-0.023417	-0.024417	-0.004417	-0.016417	-0.024417	-0.020417	-0.018417	-0.024417								
		-0.020417	-0.021417	-0.024417	-0.021417	-0.021417	-0.014417	-0.019417	-0.017417	-0.015417	-0.022417	-0.012417	-0.019417								
		0.083583	-0.016417	0.056583	-0.019417	0.017583	0.040583	-0.030417	-0.030417	-0.029417	-0.027417	-0.023417	-0.021417								
		-0.032417	-0.033417	-0.034417	-0.033417	-0.034417	-0.033417	-0.032417	-0.033417	-0.035417	-0.026417	-0.030417	-0.033417								
																					
730	20.5	0.433083	0.430083	-0.025917	-0.025917	-0.021917	-0.023917	0.171083	0.205083	0.227083	0.351083	0.155083	0.311083								
		-0.003917	-0.023917	-0.023917	0.067083	0.003083	-0.024917	-0.024917	0.064083	-0.024917	0.045083	0.349083	0.215083								
		-0.024917	-0.027917	-0.028917	-0.029917	-0.027917	-0.027917	-0.026917	-0.026917	-0.025917	-0.017917	0.055083	0.046083								
		-0.025917	-0.027917	-0.026917	-0.027917	-0.026917	-0.026917	-0.026917	-0.022917	-0.021917	-0.019917	-0.011917	-0.025917								
		-0.020917	-0.018917	-0.018917	-0.021917	-0.024917	-0.026917	-0.004917	-0.019917	-0.024917	-0.020917	-0.019917	-0.025917								
		-0.020917	-0.022917	-0.025917	-0.022917	-0.021917	-0.016917	-0.020917	-0.018917	-0.017917	-0.023917	-0.014917	-0.020917								
		0.084083	-0.016917	0.056083	-0.019917	0.018083	0.041083	-0.029917	-0.029917	-0.028917	-0.027917	-0.023917	-0.021917								
		-0.034917	-0.035917	-0.036917	-0.035917	-0.035917	-0.035917	-0.034917	-0.034917	-0.036917	-0.028917	-0.032917	-0.035917								
																					
740	20.5	0.431333	0.450333	-0.026667	-0.026667	-0.022667	-0.024667	0.170333	0.205333	0.226333	0.349333	0.153333	0.308333								
		-0.004667	-0.024667	-0.025667	0.066333	0.004333	-0.025667	-0.025667	0.062333	-0.025667	0.045333	0.349333	0.215333								
		-0.026667	-0.028667	-0.028667	-0.030667	-0.028667	-0.027667	-0.028667	-0.027667	-0.026667	-0.019667	0.054333	0.044333								
		-0.026667	-0.028667	-0.028667	-0.028667	-0.028667	-0.027667	-0.027667	-0.024667	-0.023667	-0.021667	-0.013667	-0.027667								
		-0.022667	-0.019667	-0.020667	-0.024667	-0.025667	-0.027667	-0.008667	-0.020667	-0.026667	-0.023667	-0.021667	-0.026667								
		-0.022667	-0.024667	-0.027667	-0.025667	-0.024667	-0.019667	-0.022667	-0.020667	-0.020667	-0.026667	-0.017667	-0.023667								
		0.083333	-0.016667	0.056333	-0.019667	0.017333	0.040333	-0.029667	-0.029667	-0.028667	-0.027667	-0.023667	-0.021667								
		-0.037667	-0.037667	-0.038667	-0.037667	-0.038667	-0.037667	-0.036667	-0.037667	-0.038667	-0.030667	-0.034667	-0.037667								
																					
750	20.5	0.43425	0.44925	-0.02675	-0.02675	-0.02375	-0.02475	0.17325	0.20725	0.22825	0.34525	0.15325	0.31325								
		-0.00575	-0.02575	-0.02575	0.06825	0.00525	-0.02675	-0.02575	0.06225	-0.02675	0.04325	0.34725	0.21525								
		-0.02675	-0.02875	-0.02875	-0.03075	-0.02875	-0.02775	-0.02575	-0.02675	-0.02675	-0.01775	0.05525	0.04525								
		-0.02575	-0.02775	-0.02775	-0.02875	-0.02875	-0.02675	-0.02675	-0.02475	-0.02375	-0.02175	-0.01475	-0.02775								
		-0.02275	-0.02075	-0.02175	-0.02475	-0.02575	-0.02775	-0.00875	-0.02075	-0.02775	-0.02375	-0.02275	-0.02775								
		-0.02275	-0.02375	-0.02675	-0.02475	-0.02475	-0.01975	-0.02275	-0.01975	-0.01875	-0.02575	-0.01775	-0.02275								
		0.08425	-0.01675	0.05625	-0.01875	0.01725	0.03925	-0.02975	-0.02975	-0.02875	-0.02775	-0.02375	-0.02175								
		-0.03775	-0.03875	-0.03975	-0.03875	-0.03875	-0.03875	-0.03675	-0.03775	-0.03975	-0.03075	-0.03475	-0.03875								
																					
~End																					
Copyright © 2004 Molecular Devices. All rights reserved.																					